site,A,C,D,E,F,G,H,I,K,L,M,N,P,Q,R,S,T,V,W,Y
1,0.04246575853076256,0.06511568824612547,0.06862918099490337,0.05361992967218705,0.043397313745249425,0.03651981776376647,0.02600396520435759,0.06188701451968609,0.1010388329938701,0.04404531823814152,0.06895458349661132,0.07508038734177863,0.00043536226689758336,0.042795304222654366,0.04940595128838937,0.033455870407668356,0.02717274645483518,0.03800022727238515,0.051152388560786674,0.0708243587789437
2,0.013007333321000573,0.02580627546348132,0.019234620701676742,0.012211955689613932,0.050220292646510276,0.006773326121610955,0.07185398122482028,0.09638201598546373,0.1245295830160561,0.06415806081326167,0.024666711535371796,0.09934080267275325,0.0102527977307878,0.0433377291426119,0.07454780985045453,0.02261529710613545,0.031917394930853646,0.061308991768912156,0.08822148251739381,0.0596135377612301
3,0.018262979828231964,0.09087731009613309,0.023008653789721785,0.015583141071099421,0.024391079829705863,0.0028373480278835175,0.02930488615584707,0.023507952003246617,0.05036732035366955,0.05623600518797514,0.019072119870888672,0.058704560947329495,0.0646187482204043,0.0559139827596881,0.06410711019611681,0.05601786254003445,0.0645843334746425,0.04129977226317094,0.10989009165677191,0.1314147417274388
4,0.09652153806603975,0.1186949200653904,0.012853961902263351,0.023287198238234746,0.05693489296139391,0.04161294844766014,0.03007838925723137,0.06213815872657347,0.06442280495351728,0.020718876701785703,0.06898967597984147,0.024009465782372008,0.0449127844230985,0.019471512253885236,0.00623837619580444,0.031118833432128717,0.0338402188071039,0.12038485858435151,0.029829419666393756,0.09394116555493037
5,0.03729166030444671,0.01857650210553545,0.019526706721143663,0.01117846054752809,0.10540352018431243,0.08753699804701424,0.005795689033140747,0.09253198559036446,0.013264940418957278,0.08940415709109825,0.04815911579809814,0.04410809539350988,0.004045948285537113,0.011611452467684464,0.005990466324378325,0.0483086623333389,0.019362182055981753,0.020715026312734065,0.2602821864258527,0.056906244559343344
6,0.19423583253598703,0.06830889151143099,0.010876827517851647,0.0443946395980736,0.03496423686750687,0.0970394921410892,0.029926558422855937,0.0376900592492736,0.014291009170735162,0.01691249986412844,0.047023080471561875,0.03612878203905293,0.024414151842579803,0.01947694490360313,0.0348553437775126,0.06095957503060943,0.11431051683300686,0.025902969541554858,0.04373122032815775,0.044557368353428294
7,0.052486027796272545,0.02904762016912575,0.04871523821497237,0.051554471347055125,0.10148390575189659,0.08129366405070365,0.04949277666591011,0.1069392686475498,0.008106263739838282,0.05507531231464019,0.05579642941929544,0.055141020186069034,0.039060845430147456,0.016166425886479242,0.0047655500353092645,0.043166642327464956,0.031443724624023665,0.03859703029895393,0.05668795333744704,0.07497982975684554
8,0.0359145601064248,0.1180012859065789,0.010184301812291404,0.0562821313534124,0.0171557297220815,0.06652913761871179,0.06495486417938662,0.05930967125364067,0.00459211331711429,0.03288286921875422,0.0249383541297404,0.05353201343395809,0.031074773605948996,0.116625727151818,0.008500139509424545,0.09132136448464054,0.06200833130450646,0.04227813326721094,0.04096789237808707,0.0629466062462684
9,0.03181804174105482,0.03067274529389044,0.07029528668328018,0.03799493167571881,0.041209649651976,0.05138747193492779,0.011629654789698556,0.032489667388400735,0.052161859743645914,0.04885357879649933,0.1055645278376603,0.024093624338962512,0.07787520776519513,0.03857280727293193,0.05268051743654991,0.049970384327908866,0.05662464752969733,0.04481887929214694,0.0793302852239014,0.06195623127595311
10,0.03165069106589956,0.038750273977724334,0.014139046710390844,0.04963052501281459,0.09603039175136649,0.08106211172838812,0.058783393614864454,0.04391804092123232,0.010915593093140524,0.04232278560528016,0.04756462678481674,0.10650118235204889,0.06811806801513116,0.050076495545081305,0.017634111812840355,0.01534249843228111,0.09008134676426952,0.011722959579470924,0.0774468074657923,0.04830904976716631
11,0.035703726501314044,0.02938077243421949,0.06994117272142356,0.03206374199789444,0.021725884869755442,0.05888271106722929,0.07868392321432321,0.11921936544370762,0.08627538720628138,0.05058474447012316,0.07334729905979208,0.03462371341724679,0.09033520053980629,0.028508841855270153,0.04080293063134524,0.02027756689717137,0.017307052203772235,0.029081363663779558,0.025784130687155273,0.05747047111838936
12,0.05732698029264913,0.037754308269592744,0.06454527125948108,0.027140466347986357,0.09866899806583324,0.019714617980762253,0.010268025926999068,0.019082378535039475,0.13060588344807952,0.04761130997024527,0.0279797687953138,0.06862894955217415,0.04266253298350897,0.037924047284060375,0.05264007076765471,0.07926416078107176,0.04575923206495533,0.02378728763549586,0.04720207588399235,0.0614336341551046
13,0.03325004506811752,0.05647403844910623,0.11746735882909207,0.03310766985137017,0.04268171220776086,0.02714195701212878,0.025572837926114526,0.05291871399969045,0.07130957726267839,0.030237559644869773,0.06738763208675158,0.018696235458310687,0.024721631873252374,0.06313803901217285,0.08753930308035121,0.04773941655961513,0.015441375864176331,0.09624775883037365,0.04351450395639177,0.045412633027675675
14,0.08276344288446312,0.03128412011573883,0.028953646514466913,0.006566686806494885,0.00900156149207373,0.11064979945024743,0.029256699927151783,0.08008042655856043,0.00924230617041948,0.05243648877728674,0.030000212903232293,0.05430764832324933,0.006309974139011868,0.015920771422474753,0.01500423880908322,0.14417830488005393,0.1597868111341288,0.10145690399832803,0.013203066769300423,0.01959688892423403
15,0.06546101998734344,0.05313103515897673,0.07222851628867649,0.04366523151490351,0.046389624036527244,0.05195322652849686,0.09123827503777143,0.09375473813006302,0.05568071401072064,0.05551641393989424,0.05196604084923687,0.030188355153886026,0.02712776222401665,0.04709443394203554,0.04200446941446494,0.02297163222402994,0.05774250475274084,0.019393098725821303,0.031419177859817946,0.041073730220576365
16,0.174342594162688,0.041597323749430114,0.025616498990127086,0.013132394441359111,0.04802529693837188,0.06472627949529454,0.018599263187890527,0.02350441852866853,0.014762829199163895,0.013269638577753328,0.05682806867321535,0.01077566800255338,0.05787015572028711,0.02997473889136356,0.006667565484045202,0.15900501558524177,0.10620491879273256,0.10211589505719855,0.015939021077579114,0.01704241544503643
17,0.04378529240295688,0.011266689643726891,0.05562679107962904,0.04074520366229753,0.021721032915898376,0.028606937854457493,0.06550274568311198,0.08019813570167597,0.04529199573677177,0.03559397839880714,0.022874578175236797,0.09826676262123217,0.005032390251518219,0.0809343930818529,0.07501492877980295,0.052383677208599544,0.050458069528352786,0.06097295874505815,0.04397438707075601,0.08174905145825737
18,0.02892753825722449,0.04488106362420793,0.08631149464768761,0.05503931294823938,0.007521411693436859,0.04375385456956168,0.07879780450794198,0.009258221884181336,0.09254930878410081,0.005416896119551412,0.03741784246169176,0.08247428103444028,0.04040620569845527,0.1169904638894774,0.04515957879969039,0.09150725661521936,0.05530412870972102,0.004201947391581959,0.04512316915832325,0.02895821920526581
19,0.04333823270959987,0.014904448942944494,0.11041911107888315,0.041272095117509795,0.07878661467027517,0.03922991057019379,0.03082880903060186,0.08855671755683112,0.04744090956572866,0.060024128585037445,0.0163587030176218,0.041579946367742045,0.05293790648751924,0.03845055585212922,0.02340546924067665,0.03156635162745276,0.0810342675341092,0.01839457372730567,0.08066003312122669,0.06081121519661145
20,0.03276812792767342,0.0052319339214908864,0.01680299206801959,0.0286662259722718,0.03738384434480121,0.04399166810351847,0.05825049576957471,0.026654511910831263,0.08029650291877459,0.1048213006383949,0.07584592736434947,0.06780493492009466,0.05802633991202801,0.09541587297453724,0.026011689648828974,0.023144686172393566,0.07871130849877903,0.02318450571432518,0.07578223511337032,0.0412048961059427
21,0.04940254159645779,0.015527210608379652,0.08649488476502208,0.05027064759261944,0.06110063608336681,0.0498293545864127,0.043242292261980085,0.06519633343446712,0.013511734930154482,0.06089149857089016,0.1398164438714126,0.047552689534390805,0.027662570910018065,0.020126240402536237,0.04088744056683437,0.04008266119338623,0.04468740126816523,0.04752527037424142,0.024046962984183115,0.07214518446508165
22,0.042497993147166215,0.026231177111362164,0.01933807620458807,0.08579037047877702,0.023539582101932403,0.09666676533222107,0.06737667520894634,0.046869098306933504,0.04681139206930575,0.04989952968369491,0.05362646354537298,0.056835587986687475,0.03558733942042805,0.02879084471256574,0.018755388526753278,0.060816940953408394,0.051537831964429764,0.035572038362674044,0.07333073192223234,0.08012617296052048
23,0.024398536820416768,0.03866974805848289,0.05497643106158375,0.10181133647594846,0.09756559705308304,0.04737568790630464,0.03181190052214477,0.06075335230686668,0.024659525226460074,0.040485899521867943,0.05320459429669147,0.051908605955510945,0.03781688250115692,0.06206957069045087,0.014079723770925406,0.0321908416047338,0.03447188340660949,0.019309765796118844,0.01604051640432455,0.1563996006203187
24,0.027751373121173255,0.017680641719297792,0.07736661280603552,0.08403078381884051,0.07671728334138347,0.038560548369424796,0.07089589781050115,0.11366306794553906,0.031121245571539953,0.05137249689542783,0.05677505832352421,0.03157215678400597,0.07858410701309854,0.06762949090254815,0.04064674766274583,0.02865843075931866,0.02092231334902509,0.02706261387890585,0.03583916948236612,0.02314996044529828
25,0.03486787630847989,0.010297358615359508,0.043443899689455834,0.09825684917815908,0.017880440862706813,0.040860407104974815,0.042453930413300235,0.04556273227018009,0.0536470492321027,0.07057574501010352,0.015929956410356258,0.05118670434529063,0.12075639864853563,0.055191108212676754,0.07273489578737471,0.05325340650451522,0.03793902692982132,0.04029145916059492,0.05570294210849598,0.03916781320751606
26,0.04658771071815365,0.05043242113757898,0.041604249703897186,0.055511407072153074,0.06916847153111057,0.03700631731125651,0.06695427940154441,0.05727205171702118,0.07474002964465118,0.0637318741703197,0.0421451103749028,0.01693519156716552,0.022329042731967935,0.03255417801873399,0.022214664594424078,0.010012127133936566,0.09775749625035543,0.05031536909335539,0.10982454310736237,0.03290346472010945
27,0.16421915662144837,0.020926395006009763,0.0225827672211263,0.044824013386199346,0.03368549535754693,0.10078746794618473,0.028872341269848244,0.027123328495883937,0.026825438869137817,0.011239747594831057,0.05133393145491326,0.02011390666291958,0.08860656087836677,0.0423712774541579,0.018659610244069067,0.04736743030793141,0.11688632775897859,0.0733655247837931,0.020871500538306578,0.039337778148347255
28,0.054091593168346594,0.03011764166920699,0.027612776536982943,0.05560357478852851,0.13130012666492932,0.020424524238747584,0.050041682737945514,0.03422209225712666,0.053520114600264755,0.018732162785201883,0.0964250076513153,0.0429715459062857,0.015400895507722123,0.05207379912309218,0.03884856711065885,0.012297674187758626,0.12187289865769772,0.048649646083827394,0.04118154416128954,0.05461213216307182
29,0.01805776720988427,0.05120545255556172,0.026463100794722777,0.01793041457256924,0.06000782775601293,0.017561288924875244,0.018395396849845373,0.09880219319759298,0.05311794670430421,0.3059338258704053,0.05256948427885119,0.020975081261859038,0.021281528238439762,0.02739500217935418,0.01786158139459134,0.031026209370195297,0.031036624849832637,0.04159646920268471,0.04239799279091921,0.04638481199749857
30,0.02839625439914002,0.4053108603681107,0.016302596837373673,0.021970254550996233,0.01758956466569433,0.01660189620011258,0.06875819904928478,0.048114939914262723,0.018591668586814318,0.02008247790677148,0.060037912329546625,0.01776789948294968,0.015619218163628427,0.033178265600938284,0.015144719426374213,0.03745203883658163,0.05024946583304492,0.014423002618525953,0.030262127745177808,0.06414663748467161
31,0.02465044236744251,0.07986803884667652,0.025410443487151928,0.02338696590909197,0.040385040761782634,0.012615775941519462,0.024772467013040235,0.12674114721941887,0.0260155365992735,0.22185484150111506,0.05425328292509009,0.014824340556825726,0.037621945726426666,0.019028450464142962,0.054853922707717495,0.006768037591964933,0.06158565399808488,0.0933448643835888,0.024273277357825605,0.027745524641820177
32,0.00936516790601123,0.021821709880519,0.021830811370478664,0.03009668086851571,0.06550862157260046,0.3352820494688477,0.049908116203004824,0.019043069154226745,0.02437166951412633,0.016488524833362477,0.06488678557995904,0.04348050376281602,0.031871601982231317,0.018656266735651173,0.04676376730280536,0.04509935671381782,0.023802829423064546,0.0388479733873109,0.05023915970108184,0.042635334639568846
33,0.00983821459783561,0.029184085973857146,0.01819504699819332,0.01937331594178432,0.045094608159102705,0.017620419101703907,0.30293455920494683,0.021983127437789414,0.057167186405580384,0.0357549291364975,0.06389321713023483,0.03584668380525248,0.017649353078253348,0.046634820299190034,0.11850482942419158,0.01286472106108512,0.014029552047688045,0.02817449089361342,0.06621662938146361,0.03904020992173647
34,0.013618415136702727,0.031042252558965228,0.0148515494842161,0.033074909970102,0.024677808607594595,0.009338459142745014,0.2151336055627783,0.05622593851214637,0.028174528268957347,0.0707219760043433,0.01478519553999981,0.0519640259167215,0.054121679790840725,0.09361205224857505,0.03690575396182441,0.01450241307380264,0.027307580582597968,0.04339475197764068,0.042365526041406865,0.12418157761803937
35,0.23214550474504347,0.029829889302760496,0.017893209146223707,0.015254969312491415,0.01999267055204228,0.012715770160510436,0.028317899443048408,0.011584384287700571,0.021858757762816847,0.013285822300825957,0.04806451542025493,0.14889241091350086,0.03213071387944374,0.05200620305964638,0.021530977241234442,0.10799373100834267,0.06726334485879477,0.035100146858230374,0.030729547564999724,0.053409532182088514
36,0.0773516219307058,0.01548975888303114,0.009531570360943296,0.008778943651117551,0.09209724078616754,0.013145125151668442,0.009859962648771845,0.05588671490931134,0.05400805983592197,0.01709249693784118,0.020246158389089018,0.09789127747700647,0.060137847480753265,0.014213205891269147,0.017352196067440498,0.027735892470823323,0.07038452559644819,0.26111389101284077,0.048164854697443533,0.029518655821405723
37,0.06300581051061468,0.011317285820589416,0.029268894745077233,0.007147606923534507,0.07849910498207056,0.06452820513521376,0.1638230253671665,0.021319239400854523,0.042624025661500364,0.06839211166521462,0.022336705292572603,0.024833558098658295,0.0698661203760699,0.045873411165533055,0.05002360710223781,0.06372662424506473,0.09606396741383956,0.04614926092814715,0.009749469405733058,0.02145196576030765
38,0.07485123101088474,0.03169395077514663,0.037897439355681455,0.07232423949016664,0.029035381776430922,0.0535711910124224,0.09052088431988485,0.004679046027956335,0.08572108498744241,0.02458608255398829,0.006018243553104312,0.09419823017985643,0.006127705097840231,0.1059711630962259,0.07182730269548475,0.02808222227851916,0.05781345031998649,0.00752435577777881,0.04843876836477655,0.06911802732642269
39,0.042400307101544715,0.02311546096086138,0.02507376992411479,0.03406074418952226,0.024276519037794524,0.3160858169566253,0.03240241884517102,0.02984617668794594,0.055697654116567755,0.027495717337320178,0.066638815390369,0.06752110053218909,0.03176864697223095,0.0652993463410057,0.025419081311693674,0.017366530891880134,0.011312836424963304,0.05870060722338706,0.026390507345022976,0.01912794240979024
40,0.07190230817724172,0.02797982442422456,0.016623946252152987,0.04170931707929415,0.15020863994114628,0.0038020878471018873,0.07943801828209238,0.060535857163142054,0.05688640482020262,0.029108522372978327,0.03644941563190744,0.010883954566542068,0.02702414822720197,0.04744360065740506,0.016679716278324416,0.03812234519459504,0.09081965836189941,0.056181574412256574,0.028783182968561874,0.10941747734172919
41,0.03681483006652563,0.014541429018074457,0.01351764016868097,0.0242152107620381,0.03652953178501447,0.005623746478494484,0.03624450328888543,0.1068212517141208,0.026230900130733578,0.07934093765241111,0.1383657547201514,0.009235897020272893,0.02333120692179025,0.044418477256205464,0.07240794602044145,0.05218227042199604,0.02048633855075747,0.10705493450579474,0.01961623281865551,0.1330209606989558
42,0.037533289358899984,0.02507983294145645,0.037545684189781256,0.020099762139601466,0.019204253101202343,0.027200086623612472,0.014877952666043935,0.26133301552884114,0.02319579445146277,0.02234989579979824,0.04951024958387802,0.012037186048201445,0.017531705653901875,0.031150089607352403,0.02629699184074314,0.016191324199474666,0.01798929278541731,0.2879694688114104,0.01711703206125876,0.03578709260766195
43,0.09365141233040561,0.012653188978812497,0.016584454532091966,0.010897061184663217,0.021675098341478127,0.035966942197784096,0.081414331886873,0.014653620269335074,0.12920049273199438,0.022446058800790022,0.01158337599359989,0.07207941251695822,0.00946722734562852,0.12069639694152062,0.10568326763058997,0.07216946572091693,0.1157297096276155,0.03563670467919189,0.009509724529150426,0.008302053760600055
44,0.06319710942358575,0.025222774180609933,0.02721561654337209,0.023496836426312766,0.014637404240486637,0.05815059112361007,0.010362851783620904,0.03690355575290033,0.05165101525652294,0.07474795397550425,0.05093994528410775,0.02139758395570782,0.04998999506641441,0.027223036550455243,0.014999864325783423,0.06117888232898121,0.2958829349833142,0.04535320703130577,0.02499983838813382,0.022449003379270728
45,0.0244162956146584,0.010086223133156587,0.043696796370765685,0.031632697199206125,0.019687057857272504,0.02243852816481591,0.026188587384384225,0.2145237174645499,0.03882071177357772,0.05493682359471981,0.10350065151216625,0.03053622143072368,0.06767371168128034,0.03037228174559257,0.009655078240110786,0.06575604338086205,0.03989709478815341,0.042765428379092675,0.08277379116656466,0.0406422591183467
46,0.0844576671086604,0.025099489865710922,0.02327626603640541,0.04132884127058174,0.015529810115053912,0.05876110288362875,0.02657341098598202,0.06362260081038046,0.031733543615664675,0.030300347726757472,0.0480891626849317,0.1093636129483688,0.00392668203675218,0.0855255629060218,0.060540120138788865,0.058735970797835796,0.08099732428184342,0.08872794943385809,0.02375860075497675,0.03965193359779687
47,0.08307152410883882,0.0790647720838549,0.046040481413215206,0.06328056768850122,0.017682828544604325,0.036010307360397786,0.052173847563044884,0.019803872955744956,0.031106713363687206,0.04490627178437995,0.02752416001143564,0.0693132017010468,0.005244762155950759,0.11936348028578853,0.021856258345011308,0.06175033081310935,0.03635536283936413,0.041975508507538874,0.042021182574634476,0.10145456589985091
48,0.05788518477985207,0.017018770617723604,0.08008285967257034,0.10501670383325962,0.018601901040628768,0.04069173717213109,0.045073618049971065,0.020157402028197925,0.01223923805371489,0.03662580706671366,0.05587332617549197,0.10227777043980227,0.12133407721606834,0.036902055345337886,0.019312561094040406,0.05390816156137983,0.05895280747696787,0.02317105258035388,0.02528034191449605,0.06959462388129847
49,0.054921388830003554,0.010609836012086893,0.02629508636796278,0.1016925404966546,0.08207837219406769,0.10642712765199502,0.04166679566397837,0.016894179791342567,0.05444609751821014,0.07158889290617935,0.013134729079019917,0.03853340178689093,0.0073070118332553505,0.07467852138970074,0.10651145581718313,0.012240686934747383,0.010697080648190676,0.04384620698043327,0.05142609720024114,0.07500449089785649
50,0.033254591623997284,0.03217761612915061,0.011635224104033389,0.03963502451435059,0.063306862528101,0.003541789016185385,0.014732836183003205,0.14415671319314644,0.012946469851057064,0.15946786474095093,0.07003430655993617,0.046084917553612256,0.0027734723804741616,0.1083840872306577,0.02172258994888359,0.008144468461892904,0.10815218196364756,0.08574121722794381,0.017736723366474208,0.016371043422501733
51,0.07915447032453683,0.03750959701797375,0.04115843038915513,0.21503985710145093,0.019118785672397488,0.045721349977527984,0.020534816547134203,0.04336557580725767,0.03799464430785228,0.04726784985832741,0.016090220381351425,0.01995036691177879,0.02298671599359394,0.12126957466738511,0.016889162258455298,0.07190039587977794,0.02847079747121914,0.017804682295350885,0.031984750934972106,0.0657879562025017
52,0.02848048552151273,0.16983756409021972,0.03320271663068814,0.058633990942099985,0.02422456640878135,0.018677246769063335,0.01728417679297629,0.057311881840174474,0.06546152414938085,0.022427137952811767,0.026640882601681414,0.029944089111919564,0.016272203636659585,0.013781067689567283,0.012205293851255152,0.025045609161826694,0.033671794089392276,0.2887748874479372,0.029083423112593314,0.029039458199458818
53,0.072385630883575,0.06605944198445106,0.04519551835822247,0.01385352778597034,0.015743529170262865,0.024500356749931,0.006699050236391868,0.08544450888699202,0.01273745209300976,0.036980485228069765,0.06316519395998729,0.06757005720200798,0.010250058945850644,0.008538216318107542,0.013394438050363217,0.011878923961508626,0.17623060782398497,0.08492656623048186,0.03802557247082556,0.14642086366000615
54,0.0928977795569643,0.03415990852919208,0.040885582412723526,0.1089326053903641,0.10133505642262954,0.030869903238823562,0.04517716981429262,0.033225289271500494,0.043887651777683404,0.012912526941103602,0.06821856756121375,0.0932732405903881,0.0024095130804601796,0.06257402816438627,0.04532655700207682,0.07418710014679179,0.06130491140064059,0.012052227351994588,0.029768619432201184,0.0066017619145695445
55,0.15982074129130702,0.01872041158051521,0.043930609201420584,0.012435401754719584,0.009073943727467703,0.03485014784161073,0.009538757621719365,0.007346956988833685,0.022826319670395383,0.06667137981793302,0.017676866103231294,0.2391227935238257,0.0820341012798858,0.03612159201930896,0.015322495797946787,0.08318538138448318,0.0458997475627922,0.04673104979932846,0.034362101610972556,0.014329201422302776
56,0.06162031504810543,0.00723593196506804,0.014679447880815655,0.032676252540366345,0.08320877511489028,0.009377572388790861,0.016704987712041583,0.0769880898835905,0.028918480446481917,0.09107031192152387,0.07487512550588643,0.031144494833620855,0.0034896318017649123,0.128290335618633,0.021904461392541062,0.023932503612196586,0.11740789583712041,0.10309767074889312,0.0237996664150977,0.049578049332571414
57,0.013598324028882856,0.046753191601731345,0.028684347975084616,0.2446732705224349,0.02057808328476416,0.031393060734097894,0.013072348760968399,0.00987961920849495,0.2069960263991083,0.01186971127813733,0.02002421322899396,0.013381949639067393,0.015427046442668717,0.03502902194898263,0.1182200619670756,0.030291071909510303,0.023829384755526345,0.02971858344673973,0.06858556163553729,0.017995121232193333
58,0.05762933422883139,0.02485304831691701,0.02863287745813619,0.03562978072488758,0.05234158299109039,0.01562167983326271,0.009738992443904953,0.02339877915753742,0.02438303175556556,0.28036557919458927,0.045209814685185715,0.02199131531099182,0.025578439853441777,0.06205211037964767,0.034496106242635216,0.025082710650026926,0.08122698203706158,0.10048194448000577,0.027548333870052434,0.023737556386228625
59,0.02578294768785889,0.028634816870833756,0.03571732617661408,0.051764255701656256,0.034403228816030695,0.03741690720942829,0.015877656901612847,0.09745946717860252,0.023744724565977756,0.00922583482448363,0.028960154799859833,0.03148039381057154,0.012711928243725263,0.01889012029295265,0.007215315157936431,0.031445370987362053,0.028596403275557195,0.420483687326473,0.030538384231462046,0.02965107594100131
60,0.04334972040772302,0.025573433433457783,0.05972230728377137,0.05752581171357102,0.11251625073355281,0.051559807913163405,0.027390195779176067,0.09465113088680083,0.05095399848189145,0.040201467834554944,0.044020768801809496,0.010293095222324338,0.009250559037964942,0.08272527620228115,0.018215345102112757,0.019532928424671893,0.05780507458074855,0.10862846206408218,0.02898689379623015,0.05709747230011186
61,0.028489550594264106,0.04777928266804837,0.04692355199070759,0.014548351076700949,0.017363945160368398,0.04514264617371006,0.0614603912198452,0.12757080679264757,0.03462323797065683,0.04285549565833151,0.011908621888253413,0.06664141474012857,0.044450586193361855,0.027284044950914937,0.09312253822677839,0.10020765178689311,0.07362548734214915,0.07236458154252728,0.013271633941117958,0.030366180082594778
62,0.05021012626035894,0.021860382027870485,0.06861969872718744,0.038842004979789194,0.06700495853865716,0.05728763262580042,0.028392558043443525,0.047952992434961025,0.03531847891015645,0.04713953683302264,0.03076981627610418,0.06141366557599754,0.01345960138686291,0.06667177914993822,0.05298524531744217,0.06516825103352371,0.0682736809762589,0.033959572794256015,0.05774434378692283,0.08692567432144621
63,0.06326716435872495,0.036511566036252274,0.06309278540301703,0.014504584006207773,0.06490703777222072,0.06229892333578953,0.026630550320496344,0.05792722654625575,0.023971796268197898,0.05891246107575089,0.06735903133258919,0.0750572593419046,0.010139953679643782,0.01982012074605094,0.019564582541784337,0.10245603560296546,0.09156613881679278,0.04427940822774118,0.017534195525536207,0.08019917906207831
64,0.023665604979970407,0.017392764242811942,0.03359305330329698,0.06463428334180935,0.06677101002605922,0.05627882265189198,0.021753558541172804,0.07105562813692318,0.06302239310727537,0.08313518044287224,0.01657543288579408,0.0711726272211633,0.04176269504090485,0.0562036336037226,0.05367027576594904,0.061571750773294284,0.07067472193233526,0.06460250930621607,0.013508349316262548,0.04895570538027452
65,0.04896204837867344,0.04928921182439436,0.04757531424030302,0.02622005779546268,0.03766166707677617,0.13147747644000451,0.042317054638860256,0.007016725493535044,0.0412671463835146,0.029721666496110077,0.03765979111375922,0.04445701035834164,0.06891062682040319,0.059408407956038495,0.15354454953023294,0.03192389786744782,0.05721721520751965,0.012794398121355428,0.02148163148425706,0.05109410277301038
66,0.11110066139430204,0.0034681813894610054,0.003694244059026069,0.055914399818322705,0.03839415215537999,0.003001506131211946,0.043664284819081356,0.13849942851062697,0.06888850236587435,0.067601444945316,0.04854076128089664,0.01919538430846348,0.023731860918342024,0.08645046460327092,0.04789460374068401,0.051943720330130436,0.0700316110535105,0.04561647953527283,0.04753226816707823,0.02483604047374848
67,0.024108257952697925,0.03611268603530229,0.03910719232349315,0.022508525115783273,0.023039053957224644,0.1216483881730738,0.02817525683153313,0.2773176592680851,0.03671978740642283,0.13847729285337443,0.04485123241925229,0.03292026587098774,0.0088841762586893,0.017324439492709637,0.021930645248282702,0.012659087136876534,0.022331672222299922,0.03152873886614068,0.041815952191990705,0.018539690375779933
68,0.01747347441679472,0.3898356940645029,0.030951563834011542,0.034426033107724206,0.02745603427691987,0.03356388508159882,0.01641374623670201,0.026287126283893885,0.03713848839550615,0.049148141409120785,0.025270568475661753,0.030956749660187757,0.0162331428797428,0.02049448770307038,0.03571637721152038,0.03413584907643863,0.04043330184202978,0.014999974949890173,0.075771573917045,0.043293787177638356
69,0.08266007812867596,0.019667062938623053,0.1701680496318871,0.05700502281989343,0.016475061643981662,0.0909718139478185,0.03676087192309878,0.014163058166956049,0.031211599367089355,0.021279850868022088,0.030886144353810308,0.04736198047819294,0.015035955322763594,0.0624994476402918,0.048837833241126574,0.08194629736895673,0.052789756235161564,0.03546035502058413,0.026904373380982245,0.0579153875220841
70,0.0878183049240771,0.007468928411013406,0.02079319398647651,0.17590629816068226,0.02281992043783822,0.07902254255264643,0.047645358457722664,0.004473952997967955,0.07822535049693159,0.024998817646512607,0.05238589386464279,0.021401707480061233,0.001844323882247922,0.07776658976264622,0.08010891976315218,0.09368973098006718,0.05400683395615298,0.02632219876683298,0.015533520526780092,0.027767612945547707
71,0.01519263613205514,0.04354116404583272,0.055041780762744685,0.053407087589617444,0.11183292960550448,0.058977468254675716,0.033884338050783336,0.020370561159502115,0.029351569333569062,0.028705172197688682,0.01667474194064311,0.021528057107510195,0.2662534072586209,0.03966927232558386,0.025748110846286518,0.03267765990908552,0.05521323966177676,0.027965474193704893,0.01861684814681027,0.04534848147800466
72,0.022928653890124377,0.008622697668270363,0.020428108174534568,0.008933751276584948,0.2069352312252698,0.06584935653469484,0.12808888278486555,0.03228304916786828,0.022674018770846304,0.04737799394655639,0.06576664131672848,0.05006233230812662,0.0074909564245724996,0.029057186283385036,0.010724630116108406,0.011915217576168011,0.005237397957068874,0.021411707847016168,0.05241966380701098,0.18179252292419953
73,0.09184484789045408,0.009980361130214768,0.032764921805616146,0.06580962274032912,0.03081792139425664,0.017979285037624117,0.04135697754450755,0.0526818870332748,0.1139983981585864,0.06804148845893597,0.02641348097412612,0.11419199586359628,0.005606657723544977,0.05783501302861465,0.04054208733138803,0.03511927771671065,0.04453274978985382,0.13080296425381405,0.007874002121087239,0.011806060003464645
74,0.010309640275274274,0.010735731371519827,0.02104766162970049,0.012269343936899397,0.05366916653288423,0.057924851022688,0.014117039292061475,0.26172009478977576,0.04172373957816619,0.046864943602380735,0.05061679650395153,0.03524979487730575,0.006678917121550571,0.0401714457475311,0.019527439705049124,0.008271063935168558,0.021209110980724984,0.22897391668478417,0.029914804205053738,0.029004498207530132
75,0.01677160757320474,0.024877825644395675,0.011974114994834693,0.012570515624333777,0.02838672739352789,0.012651134482654073,0.015400451319714098,0.123371160628239,0.018901038500289728,0.2909001406264661,0.04899617285721314,0.0206524966311524,0.04791834259937286,0.03570765016987763,0.012440130059076253,0.023841916565822907,0.008827393305765926,0.19182753788172463,0.03399868479575105,0.019984958346583412
76,0.02302387068993433,0.034718374618528065,0.3825434439899934,0.03841712135219504,0.010306590334103957,0.01729638124849415,0.015883701853087805,0.04298693935822719,0.01801601974931954,0.01365050680132721,0.022167163054130405,0.037846495860926054,0.061286215165066035,0.053074533560302305,0.03393504634616352,0.03901769535483545,0.01902657691917833,0.028389501347570862,0.057836603473357937,0.05057721892325842
77,0.011854533488552695,0.027616946807264196,0.029452667450931752,0.059936399725992254,0.009375326016616503,0.25524833359650956,0.019492401054066473,0.1056070064986143,0.028166203975995868,0.016800488023164126,0.04538654938042461,0.02233680414075105,0.00978944357402975,0.03864527013424464,0.032299799029619644,0.028711889698493247,0.07284817197644308,0.11709846409783574,0.05547499907549279,0.013858302254957723
78,0.02408291869583086,0.010280797391415387,0.06157341849172922,0.05233807550122031,0.019942387518154095,0.19959211034527266,0.04583157854523186,0.04495642279940354,0.08081506475760422,0.08659668553491193,0.04452740380009171,0.06524951193503165,0.014444542185696812,0.07679526265672507,0.043723171184730465,0.011818147248165262,0.016456414466137072,0.029627314600024317,0.04986452122549361,0.021484251117129947
79,0.04741311106956067,0.026618496043224846,0.08592930153922144,0.06867042085792543,0.019928982087924485,0.02085368730577654,0.06568903857621858,0.011922049956325741,0.03466479865519853,0.025810360976433785,0.03779709986090311,0.21471162175612318,0.006819563123002638,0.08958858084279812,0.02676187507430164,0.04872077392793658,0.04774950101849218,0.03215862770328047,0.046420214377830414,0.041771895247521694
80,0.012605059382021498,0.40107193091755855,0.023398803896392886,0.10158357245562614,0.08439609479759021,0.01778567701899014,0.0187456834416191,0.01470055030358142,0.020090945953949897,0.02568037230051079,0.030164925070540208,0.034193220369210006,0.009345907011004235,0.020975563928010615,0.018377261718096748,0.02559618970704372,0.055691500553878726,0.022649464875865014,0.035526818138201556,0.02742045816030849
81,0.0316929228274076,0.023525132249013276,0.02607179026760712,0.020627961144447343,0.056339425912910426,0.043460770913744645,0.033368048925558176,0.02771466144755734,0.04851638295396937,0.10091368479829749,0.028307406995185098,0.012190727833471908,0.015603508274031147,0.017680488580872265,0.009984654091153282,0.10577379208474005,0.31232195928568274,0.03823764704837674,0.027613942593382207,0.02005509177259171
82,0.012541794275535716,0.015308819089432595,0.033799536276890765,0.03758560815111656,0.020713716515138373,0.024853650832403637,0.017876679722081353,0.06610879579692973,0.04563229070145107,0.3973624444222778,0.029068630897327724,0.021439623419013936,0.021388569243584205,0.0691996085357279,0.07055566258130962,0.010826480842722166,0.008412479531489023,0.04277618365279334,0.040190974953006706,0.01435845055976774
83,0.012413309167929012,0.013927900671062397,0.022358889642399987,0.03547181968549401,0.044561053199070666,0.012218599193357885,0.028035105941399758,0.339892656432351,0.07439049995278306,0.030742289807371627,0.16917837001473865,0.029880830626094895,0.011830683400209617,0.031781197366443505,0.03592977717762304,0.023867642735068775,0.020566046314950175,0.02523762972012703,0.01355336391369414,0.02416233503783079
84,0.030090706331606938,0.06656879537689005,0.3727447698945201,0.030093821564259434,0.01679559031670804,0.03738154472752284,0.02055867785533089,0.009145759475125229,0.03155412038852122,0.00981219720686518,0.05837401505060723,0.029951644344643577,0.015217016603522017,0.014533347071369461,0.03558767691686865,0.05272580546880473,0.020971431575761826,0.04308617020663445,0.04134664551815684,0.06346026410628132
85,0.28203485229260594,0.034422030628588896,0.026735680401343012,0.02363955967951761,0.035630527616682235,0.02055546319277223,0.04160091894950396,0.13883076938390504,0.04395748407459562,0.022499858024752642,0.01595817556303041,0.010934210247135916,0.03121668972113027,0.010472571573998148,0.028533493054515954,0.023068132477197585,0.12643154112139934,0.03611284884953441,0.01593510282029997,0.031430090327490806
86,0.02708280298599299,0.02884941468505798,0.013088279071698542,0.014709729017375966,0.021969137151337817,0.0186758754766187,0.018251376473957037,0.06275440241578584,0.033740197121528745,0.32651759159894556,0.11855691809802446,0.009212706001707285,0.020015098529503617,0.06232413564886803,0.03522571054339717,0.018498496802352243,0.0354584359559619,0.08887978167691096,0.02210276589992614,0.02408714484504902
87,0.038550584332140064,0.006767440864011324,0.0291422195825117,0.042861297945299144,0.0276574616077766,0.0379541158038238,0.023395096968529212,0.074614168534136,0.019501080387367985,0.3437346161016492,0.03790175759914737,0.020289182252860596,0.017594256487897777,0.026752285779552194,0.014089838040140397,0.01921491031216487,0.04573123281294454,0.10073350924040271,0.037294273634492364,0.03622067171315216
88,0.03419570383823395,0.022836370664209217,0.01468592101941255,0.037525168395159805,0.03402342031460272,0.3658447085518316,0.03145054581903009,0.021599880746667074,0.02308125866960538,0.04459582974819904,0.08668247452201505,0.04841014721339819,0.011979831598841716,0.053809243788346575,0.05763796391050051,0.013048135683406164,0.014801195098561024,0.036934730675915475,0.027738910000337437,0.01911855974172646
89,0.1251527992511203,0.013309762774806786,0.3390156128814842,0.030566982872141976,0.020562532190092575,0.05214157638716188,0.018430272171639207,0.024383521427856034,0.04358549676276894,0.009168367211579492,0.026348130291747658,0.02911027304009238,0.024472510616269864,0.05647050049616917,0.01436143749350078,0.060343962275279744,0.0348865427078401,0.04219736488275529,0.019730477016723376,0.01576187724897031
90,0.047415707439800975,0.01181903238133776,0.04011118756465932,0.019180865789827,0.07452680605064237,0.037924558206442756,0.050961064529637945,0.11624412251067832,0.050352728563009375,0.02914506884172473,0.016756976781592606,0.011256049043075292,0.3169577760378036,0.029773497832720444,0.013485696198048548,0.016888517061154164,0.02322157189627163,0.0200577844204598,0.035462827227490445,0.038458161623622915
91,0.10853221547378963,0.011954172857730743,0.014096114912109048,0.039184448412340034,0.019930442870419632,0.1825161154857987,0.10837584096043754,0.028334983182371983,0.01539475421691731,0.06294302315567088,0.0549189391947868,0.10454013256963761,0.014690429948373909,0.10496061039656465,0.013399731053424584,0.0655064990039676,0.02119766770558015,0.013140135149177147,0.011374386074075177,0.005009357376826807
92,0.012473879287495748,0.3230416948246695,0.012668561333522461,0.015252879461139086,0.20744425645654307,0.04995984078995933,0.01849096477821407,0.0247485464548477,0.021607739168664847,0.0253809283140162,0.024701773253911666,0.06679066656336115,0.017799036783993707,0.030066398860142778,0.04243720576884548,0.01706440305650276,0.005960684812823037,0.01731123581767157,0.04090720702061358,0.02589209719306227
93,0.02075230905163747,0.011346944206644336,0.3268777751862664,0.1817438028734273,0.035351372804091216,0.025256469414338376,0.02572371350596693,0.011849799378241495,0.03331218930164412,0.043767573923191624,0.04542481692249155,0.025237846673413854,0.013228273964525528,0.012254549453009078,0.011227534898034044,0.02667937848458753,0.03684339415712966,0.03318201051148508,0.02970311658888218,0.050237128700992284
94,0.013299612860787591,0.07045654385290086,0.13906326846233547,0.33756296089089266,0.013287868058604204,0.06469007069574748,0.039292233303213034,0.014377569306427702,0.019911283386653177,0.021829536771892352,0.033189976068808004,0.03840609964729612,0.013266940244460446,0.018370231372253614,0.013096215764910477,0.029850202980530906,0.007085877508802894,0.033442897440497346,0.03584024111755523,0.04368037026543045
95,0.015112598405100694,0.0197319516559261,0.007110834926137392,0.008673420776644663,0.18780794156291766,0.003706139278646701,0.030979366644757693,0.06814748291662007,0.019297522476453076,0.3764790634201613,0.05540647048735649,0.027669179118511196,0.010987334234340056,0.020488632445502232,0.007669159202305565,0.020563772212642883,0.02772859362506977,0.05469565326259958,0.012093095254564354,0.025651788093742543
96,0.09796537360876365,0.014442895921486714,0.07645274176553904,0.04317734515416801,0.018467159801784636,0.019276366616060067,0.025731072527641008,0.05748773433603961,0.07320943884676147,0.03128429376739959,0.17345466274273197,0.04321200462045886,0.004680287384738646,0.14687417488557913,0.04277858062152394,0.05213499304841071,0.04213142436707146,0.010277040303186026,0.013054674383664297,0.013907735296991235
97,0.02880523089125577,0.010256095691643971,0.17986692028386403,0.05014591738772158,0.033969289014428736,0.12262917894277023,0.05133477735601316,0.012766191096751627,0.016989375323077635,0.029011695434452582,0.03011170011888859,0.25241513259329573,0.009555913799018378,0.045095190976154366,0.025551983261211924,0.049203123271925914,0.01804489544773922,0.012043380432101541,0.013657308873734666,0.008546699803950309
