site,A,C,D,E,F,G,H,I,K,L,M,N,P,Q,R,S,T,V,W,Y
1,0.021637246349278983,0.0704750834488805,0.05693022372982713,0.052561013021668226,0.0593551363047722,0.04308280770232499,0.03912151494481363,0.06658923055314717,0.0878427084838417,0.03715327429894207,0.0575728505575262,0.06697009398951365,0.0010043883142003929,0.03919842064427465,0.06309792578506933,0.025491521421665678,0.03685364061294637,0.051378738914790494,0.06496724445119638,0.0587169364713203
2,0.013494795796605273,0.03675410464001465,0.05746668203268894,0.03516593778956063,0.07919089740893774,0.010976830513199894,0.04337084207732451,0.0628226426588756,0.1201828444801483,0.05868656290440915,0.03223645445320803,0.06742200370763275,0.01459978824635557,0.041712215123631886,0.05167495738058392,0.023915951241788542,0.033030246123331525,0.033501898418998824,0.07323694600961494,0.11055739899308938
3,0.03466039930701582,0.044697584528643884,0.03862914025806596,0.05501343966866757,0.0855570265221461,0.004064837139397975,0.06582438674397131,0.039188201405847244,0.029982875950934296,0.03233384496165293,0.039763272297061086,0.08269931846409694,0.06277402534299245,0.07939050297234887,0.06400071073553949,0.057416501994566875,0.07559687210037516,0.020547533354044897,0.045855536467768424,0.042003989784862715
4,0.10868618446346372,0.04509707109722673,0.02285341539998132,0.030243483179841293,0.051015236372031106,0.10260316165133543,0.03438719049900979,0.07035498441507909,0.019214967180079066,0.04286131595757205,0.045957875885399194,0.06408743152081724,0.031665975365264186,0.043259744566172265,0.03875503427878831,0.06872261564987289,0.03587660066651798,0.08154050804512422,0.027098827783947524,0.035718376022476614
5,0.04648462712864309,0.05493731483212799,0.025729851067259987,0.011653819837740527,0.11307641516662807,0.052849418322777515,0.011331768811332986,0.11757564222659436,0.04969819185834568,0.056677194138706685,0.0570559191907593,0.01815114693317606,0.003922382320248922,0.025459072251154093,0.0212609482501992,0.029581655284279855,0.07818621325844198,0.03633259553850381,0.11702464463817241,0.07301117894490748
6,0.16064125060532264,0.10245431619441706,0.04617257514983912,0.09884840443350537,0.017119559753419417,0.08738240757809199,0.032582269489496156,0.03254252922859519,0.0140203037483801,0.046297491343120056,0.019637375258821147,0.04761889090581968,0.0277915729449842,0.046503349707315074,0.014760316355235387,0.0548039645528267,0.07538705353097669,0.025867982989048882,0.023158395413064015,0.02640999081772113
7,0.02765776654458227,0.028355882638150177,0.12391326955332561,0.06080082582271899,0.08569324163416521,0.03736524854295416,0.030033175235056858,0.06067106425316815,0.03792745343469049,0.055380277356292175,0.03659055332223973,0.0862031340094096,0.02837874868506573,0.023432627175829477,0.008804567258504925,0.03300353381943108,0.05793512773346969,0.03202032071909254,0.12219419815735334,0.0236389841044998
8,0.10572262393785434,0.0825566361804538,0.03032367870049768,0.04035039541752578,0.041109668671546674,0.08249564535757485,0.040726235691472365,0.05447282223415542,0.029924602938220277,0.03506475806713822,0.054447382176039096,0.047768585341371794,0.03173082500953362,0.061534735118531886,0.015571338650497972,0.10790480968311131,0.050878961265938584,0.020425496680188608,0.009260557884290714,0.05773024099405703
9,0.08608935403250774,0.02984792126961746,0.07474815716329568,0.07891905804779302,0.030933330868757592,0.05218071245796107,0.01508047104582981,0.03682403312859283,0.08965566032580448,0.030930995092576307,0.012579757130935449,0.034108178087539964,0.03467411988176106,0.031154996226269334,0.06941731004199016,0.035521402130557156,0.0506360360942098,0.11744463956608178,0.041319282783683894,0.04793458462423542
10,0.03163187069780598,0.04904824408831896,0.04813401764306641,0.11154365688530582,0.018186800624683228,0.04990870484302013,0.03296561214678516,0.05538807334554654,0.022351916864150327,0.034898844600460055,0.028871721692553313,0.153575326933309,0.03010001214813164,0.07698276755383282,0.027036255436334797,0.028384149955945917,0.11308943522808212,0.007091175133084105,0.05575378275504837,0.025057631424535317
11,0.03849862219483852,0.043196565873915335,0.05271803112860681,0.050179417853392985,0.060004118346040705,0.028446637168237015,0.05974277316367485,0.13593954491016635,0.056020025428673945,0.0667235824209497,0.030337518835730725,0.05418952664895405,0.02901060076236825,0.0421325980005993,0.03995896918666085,0.030762237495610738,0.028962821299444285,0.0610409696716739,0.0513562936127498,0.040779145997711916
12,0.02610309086091939,0.045687129450038784,0.018167538274556402,0.06666416721932786,0.039202710117007544,0.046347068342681715,0.05480580076336173,0.06585373786850826,0.03990974342347558,0.07007000971918029,0.039842054629717204,0.022415857756610202,0.03421210558629811,0.07680792726382764,0.037505320953693806,0.030580873821456838,0.14800694126549835,0.04602259806403459,0.044327446844522535,0.04746787777528316
13,0.028213135665739686,0.012163912484413652,0.06578805030636528,0.08263119050180306,0.05496370407700199,0.03994098556584226,0.059629140983450075,0.046097901990292865,0.019390366714349596,0.024055843103052605,0.05309215173790046,0.11822742581488331,0.02471967677322853,0.03338219968141695,0.065913852333317,0.028145348447203497,0.06896442128105756,0.07244881408109324,0.04690895520457995,0.05532292325300848
14,0.04748256298094559,0.05873890333803677,0.056972791278849785,0.05520638585335648,0.02898431319140089,0.08260203386933769,0.005137222754115546,0.028522369951662744,0.009906132634227254,0.04691305689064596,0.047365425165104634,0.08913574572516139,0.04210705430146477,0.012994161426161173,0.07816007963067927,0.09614126399210625,0.055011446067679,0.08567649395597957,0.0233324346312859,0.049610122361799326
15,0.04140999494272382,0.05458849634657235,0.030047888296390487,0.06014449358251002,0.052943115682406325,0.04983092887165027,0.031579428584612365,0.09680785880318551,0.055442493689204994,0.020860869648326077,0.08619264375463574,0.04904712655099986,0.034475343823936654,0.023775331055284843,0.05878632080232735,0.06734646909462336,0.029987581541735624,0.05028176858635904,0.06915946039376591,0.037292385948749396
16,0.10869988960992796,0.08616820576659354,0.04563455530884601,0.031550348917688396,0.06298519477435972,0.09327364563483603,0.008715535507678297,0.07992089675890081,0.024657473663910662,0.03242736255908513,0.07811376458640548,0.045036402418598645,0.03078047415475117,0.03422388739323487,0.005912693403950257,0.09326804468840152,0.03766976999365357,0.014854984527744128,0.06848288054489479,0.017623989786539007
17,0.06073633167754547,0.017164989730640602,0.09961520149732618,0.050265168287884236,0.01873444439753359,0.04023603607685209,0.0784851386076233,0.057892244602087466,0.05605794220748744,0.06997862053839202,0.029812100020382547,0.05689110501724359,0.003197959372622783,0.06487459227527431,0.0472201596796774,0.06155511158976833,0.05516026706170597,0.045704651853943824,0.04009841997142492,0.04631951553458394
18,0.06284341247861791,0.04308928342497353,0.06014444906169631,0.11442689821112563,0.012650481811132834,0.09164081351312418,0.08009324041379087,0.0034482973347060046,0.08535068748030127,0.009656685965624865,0.015352090355362656,0.037579803885080615,0.05365954033244692,0.05259249110576525,0.05350246666818003,0.056573039794812166,0.06480566279173479,0.004552491549227722,0.06481646659880634,0.0332216972234901
19,0.06585368378137796,0.030775250812760193,0.043176775294405036,0.03928572875908603,0.0541923822276284,0.04175688651056265,0.022550606184139177,0.03374896745316748,0.02417814842510452,0.06465854609130615,0.03118442570468674,0.08182282973912326,0.04642368786315067,0.028279020402892315,0.04861244892078703,0.0651500373271562,0.037837908327985226,0.03690378412468495,0.08015967245276874,0.12344920959722724
20,0.05483815865797222,0.018493322965351784,0.04421922567710787,0.04293853519455364,0.027751204270184734,0.0341312705494443,0.0736854922784662,0.04635910876388807,0.03169385063832297,0.062352887320973764,0.08693064179863831,0.07507242283620999,0.052570203422268175,0.05054159346268478,0.035645555608759316,0.05180630095630547,0.044949915145211655,0.05537969595567283,0.07803838617079156,0.03260222832719232
21,0.05651763326881001,0.03142505028018474,0.030942893405176666,0.04541170171526525,0.048096749812535686,0.04651895702977437,0.04630882075924079,0.045637806849223375,0.023142938901154646,0.05980988516200152,0.09631825737564091,0.02481096643068083,0.040876982904561696,0.03635515332237902,0.05154045820306736,0.04056791335684654,0.02589222819200338,0.07558272511153835,0.11357578901105192,0.060667088908862944
22,0.04731133255802633,0.018606179514683793,0.05273155750726755,0.08229824541362006,0.05450282230591596,0.03144462046984545,0.07854125760409711,0.09153905360057872,0.04148809172446471,0.04152547070902716,0.03536748750912099,0.054022920324683366,0.04374102526817586,0.037400656880592284,0.027880585394661307,0.07945691966849178,0.05601794156466069,0.041649647830567064,0.048000939128139145,0.036473245023380646
23,0.03192289696912304,0.01451531893682726,0.04884588526051553,0.038058682093087465,0.02802656041432419,0.019550432680916153,0.050339596700690915,0.025209529938736958,0.032178046681438595,0.039040629979376636,0.0972246419183383,0.16152191709480287,0.051559424023164935,0.013030140348987754,0.022700120990430627,0.0610248827787937,0.04823326416933432,0.05105714743005272,0.037935492399187316,0.12802538919187073
24,0.05197393599452657,0.015831351841856654,0.07874560892330967,0.03736977101884702,0.02508699205272935,0.03917616316917136,0.07564142601350951,0.047022790841282754,0.04574471369782999,0.07922532027425051,0.14640902882671833,0.042566275626143416,0.05379285447376395,0.04760615524187378,0.0477352895305401,0.031447232818129986,0.017286671074598248,0.053177948461896586,0.014536814504209912,0.0496236556148123
25,0.07861532757598665,0.03770487622055927,0.04329032132956367,0.08506922585734628,0.04782975328967172,0.04753937771926114,0.030281780497473567,0.043622958291861025,0.1197718769169217,0.022682957479228032,0.09401284915805766,0.02578443331632605,0.04882713809592449,0.039496827631639586,0.05921985736967104,0.04069108408716843,0.028224499917421538,0.02753451244373213,0.024198081847257052,0.05560226095492898
26,0.04754404522066547,0.04870569428219385,0.04912977704364624,0.08253406092361731,0.012697027638102971,0.013749942763745065,0.028339593101494,0.07562164542969027,0.045541899413882495,0.060395973620214954,0.09608959184842776,0.027681434795699306,0.04682751334333303,0.07850219178454669,0.025575927380130373,0.025892349354375368,0.03706052920035199,0.045021778036766914,0.06380485049141893,0.08928417432769704
27,0.15323550036215228,0.018910785373798304,0.014691105641265313,0.051891322970695104,0.05170504942586604,0.04341261618662234,0.025731361913747672,0.04609371747786673,0.02514915428906544,0.044698227717047005,0.0444909485177495,0.046948254037526574,0.066090111893451,0.022566719562741398,0.032911930337747745,0.08553145085104485,0.04785060063946387,0.07357841519527641,0.07144573018665844,0.033066997420213955
28,0.046014939919338166,0.05352969803874651,0.0376070030042449,0.02424371726801719,0.11035625034433653,0.032189703987321024,0.05872720402892162,0.09589659406759042,0.04140662556762317,0.035290369908264015,0.06210822203215355,0.012743881308418293,0.014678604415423416,0.03732105844655692,0.01154888612218095,0.02891060031012738,0.06908815889542172,0.09913042151004145,0.058884084520981775,0.070323976304291
29,0.02812630421094637,0.045408951063944804,0.0225574211554157,0.059274706768156014,0.08144093704599234,0.005486566949981726,0.02039921377123357,0.16046744928700554,0.015016958749927147,0.14847832255980137,0.09862339905122391,0.013487710290124369,0.012017852976996665,0.034576656444293696,0.008931283060868014,0.056925565766215366,0.09619683824077188,0.04260339858756196,0.03089735169755033,0.019083112321989195
30,0.014591354566069355,0.16120107969468628,0.16191255739156737,0.08457368896020102,0.05324169078430359,0.041923395452301046,0.05297239296450282,0.046289469760484224,0.04919554770800987,0.02875012609593743,0.03173871878767633,0.03715529395547059,0.03209981680699474,0.017753073863116486,0.04577927929787781,0.04028712178232464,0.031418538917768996,0.020390599364035217,0.00868049573022808,0.0400457581164441
31,0.07299138824536736,0.048315297672105635,0.020921097007518718,0.048250121024811826,0.02312824919805215,0.013080164886776638,0.023590185355468172,0.04886784876553074,0.020093096886312365,0.21945617405765153,0.05307602944220396,0.02914447840270315,0.04624696840616142,0.03654086760485942,0.035818061446335994,0.054303683640070585,0.05287901794372158,0.11469127199447696,0.025927748316285942,0.012678249703585855
32,0.016979989299774935,0.029141048200553007,0.018832366905660477,0.03396508092184057,0.3610800423990913,0.16398881542513785,0.024136871695759485,0.02860854946732534,0.010487302659821174,0.01596623001221155,0.01788418245417617,0.013044540524410198,0.029954846258585424,0.043375277312335675,0.05561443879615042,0.01940720259469503,0.025591502941762233,0.028532919114441866,0.047545723467082746,0.015863069549184528
33,0.0127259862385864,0.013760553011868933,0.028884295437018506,0.08922039618393991,0.11777794140664956,0.016437725182789784,0.20304209518606733,0.013191316880874592,0.036539723050360455,0.023486237638611893,0.046112415641455934,0.05131629377782321,0.029413960926554836,0.05408369113546057,0.07889237773806396,0.015503598269627713,0.03249946182310069,0.046833008710134405,0.042105812427605596,0.04817310933340574
34,0.030535134983647474,0.03003258029944322,0.015852702965052982,0.030858942081089486,0.07375708758486865,0.03177400915351137,0.1259510858281117,0.08702942050898162,0.05782017003612125,0.043504117743887974,0.06291873650780692,0.05691596083170585,0.017085776364241786,0.031023571471198635,0.02690421629669036,0.029855674961776726,0.054691046206948445,0.049327981767020516,0.07523660932361952,0.06892517508427548
35,0.12045990909963737,0.0745703273688398,0.014887995827924699,0.03953113591912367,0.04924747610178621,0.020153402992136814,0.02934875961778743,0.06574643903306389,0.057973304683024945,0.024553048103087165,0.04244313256058507,0.07242970410518869,0.025161702535816562,0.01590273703710173,0.03575203723779423,0.09447357063864655,0.11647204440857704,0.009366786391859918,0.04138827901498901,0.05013820732302921
36,0.06614700552323687,0.032177655624368605,0.02991757570765086,0.06612339140944927,0.10609483832969609,0.032485285820019714,0.0288307703954815,0.05595841972542695,0.07986075477470995,0.029731960713190866,0.04114176332292869,0.024302467594388675,0.031100921656193044,0.04262405741730093,0.03180955324638902,0.01469751366192142,0.04736591313457231,0.16083901991053307,0.02546492494049093,0.053326207092051325
37,0.04996066742306081,0.07630072632647253,0.03423356018996396,0.017332875384534936,0.025102716845090155,0.026398197242975197,0.03942216786400312,0.04752146773371166,0.09406178569929849,0.04738121783133119,0.08535312871038953,0.034928768842594965,0.05471918651129396,0.07788412159452168,0.04147775280566562,0.04521504871724012,0.03219392649536231,0.027564847991444527,0.10715628784539176,0.035791547945653486
38,0.03845104256047031,0.012412874268696816,0.08872793072914116,0.14485278303138102,0.009209768509270772,0.020846056502188594,0.09370602070539605,0.00518659279269893,0.06545539941623503,0.005427257294138792,0.028476995632986914,0.10680904590193131,0.004224572635759469,0.07005028697972646,0.07867105711698441,0.048775230692412415,0.0860793735999873,0.007846714347907935,0.03374942305677013,0.05104157422591615
39,0.06436916258771357,0.02279212474061076,0.04993002070411592,0.03625282593746825,0.00867446025386692,0.17788327841129573,0.0588823367579527,0.018701606531582732,0.017211145810657694,0.02204684514000714,0.031146201656546798,0.17494575373906213,0.05555526374561787,0.02930097732330413,0.016157253818771932,0.0227736452146442,0.03277829848618846,0.06568719500193348,0.04510629080434038,0.04980531333431922
40,0.029322913099772155,0.0354141205805159,0.013740459623129272,0.06454792973951165,0.04569470920953731,0.03736209132805284,0.06439100682290462,0.1113516364400686,0.049169026465008155,0.023203667071047717,0.038262941807327366,0.007458049627398891,0.034971736258745396,0.10056178963328806,0.012419022643871387,0.04905539831363652,0.08214170171047275,0.08384700741991788,0.03161365743355831,0.08547113477223522
41,0.05671388159733078,0.013624753617825723,0.015481864175529611,0.029201075326631406,0.13789435819233764,0.0217112780180439,0.03389983757948076,0.08355671817930559,0.06903205642576558,0.05854181762253438,0.05654627498987567,0.04757161589767145,0.015162343837946585,0.04555619435567257,0.05865912871157044,0.03934036441315143,0.007632647083166949,0.06296872323731063,0.06840188312122296,0.07850318361762595
42,0.0833756856974007,0.03159079915868379,0.010344912053721043,0.037396776675006585,0.05863128050630246,0.05965960239540541,0.0179935169159196,0.07944229770888538,0.030575696387586008,0.018258160786052226,0.04606277836066829,0.035925283499777,0.05079518626219862,0.009210048291948143,0.04991385907724361,0.02639328565770561,0.020205803734415856,0.2740584163588916,0.03375235474192395,0.02641425573026415
43,0.04173487018376033,0.020785335293016294,0.008693346521103255,0.02782885324652239,0.02967837864034967,0.032312858093835335,0.042493186820211415,0.03156331812608128,0.10407134737191392,0.017892653904948826,0.09715406359079863,0.04912418331793648,0.01651583856362006,0.13167276682848406,0.1186092689063539,0.054785014703342634,0.04375809051847046,0.030037566170661806,0.05212746016251924,0.049161599036070015
44,0.12874646700105763,0.02374345628506517,0.027633383615374492,0.02785645521198695,0.019708290575922435,0.03218854409430046,0.020419716394159303,0.022195207040840676,0.03934679830923163,0.04294091321883679,0.09034656253157315,0.032924848846795994,0.01690584744057393,0.06306190648089523,0.03237565675389458,0.1362847253347974,0.13643212270191146,0.0714764100510012,0.02243999487389487,0.012972693237886648
45,0.06952269023791018,0.02591112727394551,0.023773371239293226,0.01432653545249118,0.04135375056240749,0.023278549172758786,0.042596817504008004,0.1004112615712975,0.013181064901079767,0.05082741159363751,0.04355741725523809,0.032701532803857285,0.05902034480678714,0.02231320819066696,0.024083877955352776,0.022234921358102604,0.03591321041514976,0.18546304977971118,0.11920985802727489,0.0503199998990302
46,0.06988434770737402,0.017126593931980964,0.0557578489574785,0.086369634974954,0.03132741881568813,0.027219358500800858,0.03769617472270213,0.009388568221858578,0.08270585009975866,0.04975282563367027,0.07645035680256428,0.040199255501945884,0.007074018053984762,0.029912920844881268,0.06540534389909988,0.10131269069351045,0.05831470950582171,0.08071461981532638,0.02674843574494054,0.04663902757165873
47,0.0592731559361727,0.025552234795361808,0.045187849256523444,0.07280358370806791,0.030872649678135463,0.06382249692297629,0.0420190230864324,0.05427603608017341,0.07370508369329556,0.023157523495717636,0.06019591034600542,0.05701983031600088,0.02361376934060533,0.041789375926943685,0.05277982563691715,0.034254594061766834,0.07481318060976984,0.05317176964738754,0.06076644430820253,0.05092566315354416
48,0.07761579607801197,0.004209761472588897,0.08245023899282759,0.11920988742976296,0.01772045406114951,0.06750317331788484,0.028335707392918193,0.034149175457577834,0.031089361213089955,0.053562364049011,0.040738926756152254,0.12680844344584527,0.041575088978681105,0.03349711690838007,0.04151891163830095,0.05395089817921683,0.039172263399228,0.03212751239972661,0.041433092003776706,0.03333182682586945
49,0.06923870144237705,0.00639122537185331,0.021663304968728724,0.07422242910537892,0.05446800667927424,0.03422497039250969,0.07549263178094234,0.07385462978772789,0.05233052201889851,0.06688011339661205,0.055022911172819204,0.033937262324059136,0.015459011690951298,0.0850952191233102,0.05900824452476794,0.03131964798042319,0.025615252930153064,0.07364510796968678,0.024098121670325434,0.06803268566920104
50,0.022340517045842993,0.02503445739665075,0.01250908755913147,0.049429626118290354,0.023750175860081997,0.028640352466136824,0.08978270759733432,0.09907323663093998,0.0130949921198069,0.07827194318224294,0.045271670697973714,0.23739948317215623,0.021110137016258,0.060446223973836866,0.010177366948194795,0.03168901900746887,0.0643099170166969,0.054957883326711775,0.008331536342674818,0.02437966652156953
51,0.05104130403607792,0.028739860085440973,0.07668993838501935,0.12283483418482966,0.05066416185130597,0.02313515745754417,0.04070706359032485,0.04562781046409196,0.02018734732059703,0.05501147394792617,0.0404992464759773,0.06321554852395866,0.03884218093628246,0.045537690901774557,0.010173356639076318,0.07811515691993816,0.07876670671374421,0.035007769750293696,0.030639329698099124,0.0645640621176975
52,0.1707276435108655,0.14324373589323866,0.013109792320688353,0.034944099814485735,0.057308041454644,0.012922137316573512,0.015235421124948521,0.02591453645072973,0.016508181676687165,0.03914575096256343,0.024941660850163996,0.12281280027503988,0.015072625015881443,0.015555329905694904,0.0223923093048996,0.021231557374627452,0.0446478213149001,0.16320430628768864,0.021183616980742358,0.019898632164937025
53,0.05083839669960287,0.11819091491418238,0.04059016687026572,0.08976290999708453,0.018264409276759132,0.01306918330154248,0.004699891248334237,0.04729340523575086,0.008499149014791263,0.013769643405434176,0.1484444418336167,0.1488944038567674,0.015300822504294138,0.027189742129456823,0.004305076530503168,0.0076565853889278305,0.07920685606685357,0.095190919856046,0.013691120113348453,0.055141961756438276
54,0.1408654801561553,0.07627334020773033,0.04649843151265958,0.11573591256710192,0.029031373193487787,0.04266961728007979,0.013570734108718353,0.006019002140504732,0.027272281876002655,0.02283028987475609,0.028889680812854084,0.03729284796777027,0.007647349961203137,0.0637725106870399,0.05721870990964359,0.038886293642187944,0.05701723213438072,0.009678973494615318,0.013345166735704208,0.16548477173740428
55,0.060426080855496785,0.03501037508486391,0.05377037777917635,0.03743095494328392,0.11684570653485529,0.029483409317220714,0.0200845979489988,0.0061184377080206066,0.006828785216130693,0.0654492927177768,0.016382152150498135,0.17659183988061095,0.027545745326626896,0.0067413765627409306,0.002179404698583925,0.12191610586690908,0.15874340280867824,0.024801323246629675,0.014723092515787784,0.01892753883711056
56,0.0475171378149883,0.056196680385726346,0.030418844016154776,0.05357918260067104,0.03634826333436257,0.014585415157304578,0.03417971472585082,0.07777778643405406,0.07582824517183506,0.07675207137112952,0.04803435808338089,0.042340744474701236,0.021429072352746364,0.03904508060021932,0.047226300648029025,0.03231456563644148,0.08858267359756156,0.08121866916125889,0.007159148177289705,0.08946604625629449
57,0.028544635258493423,0.04599563762121301,0.04359928413773589,0.21364967184503325,0.06319582505389333,0.017790111582352032,0.04028054611501749,0.02115607571487161,0.02408782153498972,0.058265691806210815,0.09668721513360765,0.02302491715761519,0.022433459848418935,0.011493088558734764,0.02905103248003495,0.030906346162378053,0.020798686924670483,0.007328745690412939,0.17485049482422402,0.02686071255009249
58,0.06139351694553303,0.016755219589903992,0.08167612556163162,0.042474985685516456,0.07162607891179777,0.0352171290412374,0.032990422495505586,0.04843537168861408,0.033685000453510965,0.15235526235967925,0.06094375674568288,0.01732279419722247,0.021892788361685716,0.028167548569292523,0.03465595286475869,0.02389903275830338,0.06545990514160235,0.09203877647196058,0.021316118286224747,0.05769421387033651
59,0.04358719304200514,0.014301742096986024,0.05563823418734819,0.032863320943476604,0.02217622444014567,0.016777956812499432,0.03271717977733411,0.06435935657849833,0.10011502438985484,0.08603918203250588,0.02306739567406009,0.04109096086773952,0.02346375978523489,0.04726663621368369,0.07279783268087187,0.042527097832491936,0.03321545027005416,0.19437091993669392,0.016662392382522352,0.03696214005599337
60,0.06578953986714353,0.019845840098040413,0.005216854119244224,0.071455653697732,0.05767576594337902,0.06610410544268065,0.05441948449165909,0.08391262328166221,0.06227527225838992,0.03165138875636514,0.09774435881324207,0.019107950141878778,0.014634726344942771,0.07316427901029549,0.01716296825725394,0.04139763510547996,0.06401324156910652,0.09304093891033907,0.03586094388388564,0.02552643000727952
61,0.06942227530475098,0.008327362691532088,0.05264154378832211,0.01533452754705866,0.03849288864576539,0.03997269976636095,0.09797140155956956,0.09355994266315674,0.051658077279459584,0.053870863176433144,0.03603593271189626,0.025902018493200837,0.027718781889461235,0.029244707383559772,0.06757561323248162,0.0930441387541035,0.11635711637158942,0.042427511362592145,0.03216673204083422,0.008275865337871778
62,0.049477871376120405,0.03179702916252953,0.05258791638197027,0.06444782558657867,0.02712631402453743,0.09070901489964613,0.041817343957425986,0.0320321663405315,0.060840340265507664,0.029631865988831493,0.062055873539742276,0.016371993452134432,0.029380277126580718,0.07292645329910026,0.05118475463079769,0.05379760252408246,0.033323293870875674,0.07760521474930851,0.03568214185025021,0.0872047069734487
63,0.10941697765542806,0.02348800135662077,0.01432901353800186,0.026182581418263594,0.05987824540114732,0.039150786430554,0.05045612389489564,0.06503050894481897,0.012506201946997966,0.056020598682284484,0.09298022203086143,0.01624916538958944,0.03573400030539309,0.02368240815161371,0.013652147014217584,0.0806667452210571,0.04072960991520675,0.06285079968866251,0.04377304102150881,0.13322282199287694
64,0.03669305042871238,0.027652595130297608,0.0754945103900464,0.033297235947710696,0.06468751427645754,0.06399912876384384,0.04695494213531988,0.05856376973100746,0.0778538924488834,0.06811497052334743,0.02140609644120769,0.041954301430043556,0.0413658261583213,0.06903308585874991,0.0377900061968031,0.05196564195080745,0.059248415534727664,0.02817189367133058,0.046069405997681084,0.04968371698470105
65,0.04406887768409307,0.02701233467560436,0.03501119905441611,0.06602326393239477,0.028642168196317413,0.07912517936370032,0.06705795038573586,0.020848965039215864,0.08954794089865095,0.05361896263732216,0.06460071260267805,0.05397604698343318,0.04885066442280997,0.071071009385673,0.03563673509229374,0.06417859108840286,0.03668403607887208,0.02243421385600314,0.03780208600964503,0.05380906261273808
66,0.05854468986966592,0.05484674231544525,0.04309072801528246,0.049219767305560574,0.04290951900006252,0.014273893650202527,0.05761146510267067,0.03790059627096247,0.09145865621664703,0.056988488680351466,0.06223342297422789,0.03893630825324975,0.037881064604132396,0.041366520676749834,0.04918646556785142,0.04954739122503376,0.06279703075545932,0.06715127705744657,0.023963106178126522,0.06009286628087165
67,0.013792223754989851,0.03604035184585829,0.013980255089232906,0.1156218335228963,0.04208136045642171,0.020374123034872033,0.058124304218699865,0.18581431158866502,0.03530089982205617,0.05549259511847738,0.034016297524156774,0.04143516134858012,0.01657502313505378,0.03524701636829284,0.013775890779843132,0.03188417089254449,0.05365581761782905,0.04223028983312094,0.10415313892316255,0.05040493512524679
68,0.033590336045460745,0.2245937358445828,0.07580149316662596,0.06581041021933239,0.03753174364656899,0.0366672461137825,0.03326137004830197,0.026961396258694224,0.022671124604003105,0.05267044315496099,0.01676618153602062,0.01840645291710798,0.04025871579485007,0.037730138778386824,0.07901084919669682,0.04268366684760495,0.02646244499052857,0.049876016821962826,0.04116645548586239,0.0380797785286653
69,0.0588853381451532,0.0218714680098355,0.11053612592973652,0.1142756648165267,0.0455674092934775,0.09811457298326252,0.02844566963074613,0.029603707343715126,0.03258526370344338,0.03716890277146948,0.02318661837255729,0.056216724623615905,0.02178501917211521,0.05140315888103889,0.024618421258224974,0.05817043834638516,0.04868192075196777,0.031278068081706877,0.04927648601218726,0.058329021872834605
70,0.036614037192516165,0.008822706176596471,0.019503275613932357,0.06814088314354158,0.024562932238993643,0.07333654753004205,0.06860650431116753,0.005739481830569887,0.04047473793196628,0.022437575542529953,0.11090636462017388,0.03038569901842053,0.022554848978194073,0.0425650696497253,0.06408414028737183,0.07513491588860575,0.0785732804147243,0.05884854400774335,0.032805486145486125,0.11590296947769893
71,0.046375546537552846,0.0153770104970841,0.022237314973859192,0.050090557819320626,0.019199903957864882,0.040313138250097386,0.04146758366381219,0.05026956164066307,0.14265986951390636,0.036973530735601993,0.02423807433047085,0.011567563507831087,0.18180485700632024,0.05185866174917201,0.01809840324050577,0.020874391005550122,0.043821668558860445,0.0978373601602357,0.05759356245243261,0.02734144039885855
72,0.051695046248347684,0.027480450853723932,0.009498428846808368,0.03483502176949428,0.033256326275586744,0.01879852457134497,0.12788437786573645,0.08893354120859094,0.008664295009846588,0.07061094725799322,0.07246252546435199,0.05532256288808102,0.01245361188790992,0.05245593262776593,0.03077607491579625,0.014118355384949481,0.037744399353326574,0.04969232223700973,0.10761379960692843,0.0957034557264075
73,0.046827834068429317,0.01102455353454284,0.03157056057228034,0.04539756496189151,0.03209991151203425,0.04643354183808541,0.060933303670229984,0.06677290560788976,0.0647931986788828,0.07579834945297964,0.049759091825235954,0.08161301805107148,0.011895522486502165,0.07114681442099119,0.06652778047991441,0.05391026651481917,0.07420067888933622,0.05488063376027499,0.024577833432195006,0.029836636242413554
74,0.040702554436201896,0.029377155122921824,0.022512124001987977,0.0362992272163199,0.03791009040178444,0.04135798246516083,0.04424577277007079,0.2597859630878434,0.03149821337246508,0.09269357727824581,0.02307960017377099,0.02031890635500319,0.027312714292012357,0.041347411408740015,0.03454959572186608,0.05223634063257755,0.024123295953258166,0.09668352338088589,0.018597306873687127,0.02536864505519666
75,0.04942625764832955,0.08284370197411278,0.06363265336873766,0.04740862070053489,0.03159485779408995,0.024929104063764054,0.018857435385446715,0.10085580314913262,0.028453172529607672,0.15929827699579843,0.044135795675659194,0.0162597741716102,0.02046822820786208,0.032564646391782075,0.026379847531208988,0.02881016309632624,0.039567680397795624,0.13201691955597927,0.007935767246564059,0.04456129411565795
76,0.03757355732453735,0.07072879302707062,0.21751628886498992,0.02390078507770489,0.02446098197049235,0.030009898590111966,0.08039833391124629,0.04504600811753659,0.048616192110378924,0.03984515273884069,0.035973020912004564,0.019481051749254796,0.03209067360358832,0.02734694354519821,0.037621920811249654,0.0590582011782733,0.035254486005940555,0.05445694103664329,0.03760522728732915,0.04301554213760859
77,0.01895146935248571,0.017056897187958227,0.01966912591688992,0.03641213580663285,0.02774033412223152,0.16224917640622272,0.03422520140540737,0.012890867954548404,0.025430064538300313,0.04062834490366012,0.02179675603032916,0.024691145268203683,0.025385828201019717,0.010249316506278291,0.01579885502411641,0.032394412560214275,0.02054943782941288,0.38277207499267024,0.058517542597925604,0.012591013395492654
78,0.03555697018177835,0.02241349244600236,0.0808543856348021,0.04740216642950844,0.038597424453851115,0.10205962853233458,0.022422953001417018,0.036209717960806534,0.06544838220097376,0.056506620504488,0.1300358403651114,0.06964838705790033,0.0036949633420574357,0.04573040868143073,0.03228273524745132,0.03477798691888284,0.04906515216367136,0.05247348569273366,0.05818731116826412,0.01663198801653451
79,0.08339570199311437,0.011317481675930838,0.023825701261093308,0.0542043218061312,0.024895283338143562,0.05397151030560021,0.05723064075555966,0.01676794232136254,0.08460580238433911,0.06795711671120659,0.05309042668748864,0.12112292509723663,0.03555622668816451,0.03834064022781831,0.035204952699304605,0.04096795016595821,0.05088295596206905,0.018034629883712017,0.06055284173430785,0.06807494830145878
80,0.026244849234152354,0.2806770989213561,0.06398040805442268,0.06377109577775686,0.04854134468348913,0.05755478808864139,0.009508010411300902,0.028926491368487784,0.03563658008213729,0.02245589885087611,0.021068304939413137,0.026120458496065983,0.04924870029682102,0.021989657311744328,0.010437500598358873,0.016999466486869202,0.11610503154877601,0.0220127892974402,0.029981440449950686,0.04874008510193995
81,0.04004972443067363,0.05466342462093992,0.03404661992306442,0.03574470627037322,0.02040732301577914,0.04685824411798194,0.04045561157807293,0.056457116671718835,0.061409982433023313,0.05308249681493414,0.05629937794358543,0.06292259399028474,0.030260294747816625,0.06268844061013495,0.044719690810926103,0.05759963115971613,0.15752066118315347,0.045618369201901814,0.02294072107404329,0.016254969401875947
82,0.025404954475263496,0.017354967956312466,0.022771646904424386,0.024138707547325198,0.13743045032607,0.01453662240730052,0.02166102586411782,0.11161905142109624,0.01736798702276478,0.18621012073055193,0.0878687024999357,0.010894368807693707,0.08656039546613453,0.013492492983221107,0.027416728167567784,0.025782176432034173,0.021546055712833818,0.05514477632253367,0.03265185004360113,0.06014691890921755
83,0.012689089869232593,0.04164017304727167,0.020093899316148148,0.024772602443237535,0.012804063952814916,0.03619430609812665,0.0373375624148537,0.16830006363371147,0.10520237036142646,0.07880757134822032,0.1866317789394645,0.02507992091909718,0.025319239672716976,0.009549350532921953,0.020834754296038975,0.01841934959038747,0.04723257346448297,0.07324457821950432,0.016465726063850883,0.03938102581649135
84,0.032777782578412885,0.04605529011149793,0.21839028673838692,0.029539770448225523,0.04011516753609816,0.026929049779383415,0.039224023675799795,0.028912613252595035,0.03210280093555554,0.027963807166243856,0.03939621635937477,0.0364844653244849,0.027169174055793877,0.01701706630639048,0.06749676755089136,0.03918216937838127,0.019923139444539568,0.14922677530042874,0.03163568217548278,0.0504579518820332
85,0.16006802913554458,0.07910714216020481,0.05297102183114921,0.03311744540575811,0.0073855637325907055,0.0329656731956673,0.02750873509914684,0.06836387934140832,0.045404190813772984,0.02679292765861791,0.04675174570708632,0.015795493422810142,0.01612292089756822,0.04351207509163155,0.08731305376697716,0.09433258352514941,0.060077380579116595,0.032607266418613196,0.026184522293065646,0.043618349924121
86,0.016776774244042572,0.008661293847902691,0.012426870539430937,0.021494313581541007,0.022665512008120753,0.015016722506705157,0.010629812476906109,0.38865571228015283,0.009749940398577376,0.09340838227981695,0.07940310319280663,0.032699306909515606,0.04364493230497142,0.06835809165257646,0.010197151092996749,0.014291878028372272,0.028445333051275515,0.06449355258794835,0.02540058018066227,0.033580736835678346
87,0.02818645173316384,0.02952085593725675,0.026837410271462147,0.032730530667597166,0.05310416874534246,0.034402638108388194,0.032513939846180985,0.04858494268764366,0.14418631767794213,0.18439584304876228,0.025117913234417012,0.04469209777090204,0.030861923903200614,0.06269350753924649,0.018465886503346372,0.04354506844973474,0.037244205422343156,0.04128009553703705,0.042605687032227474,0.039030515883805406
88,0.014626495201385353,0.020385387943171473,0.07349446693907825,0.04719385386578041,0.044126002363582904,0.19271556866702336,0.0811229874882109,0.032562043934897304,0.04531586897722172,0.012371710268961212,0.04299424745932812,0.03215454247926332,0.02514842557202104,0.02064641909428702,0.05283668264471816,0.013852687717409938,0.04335715119098788,0.1612552844581532,0.03214687899222238,0.01169329474229608
89,0.1304437442378256,0.03319922797919794,0.20165116169174122,0.02869004015271458,0.010783745948102854,0.04231825262882387,0.013158243932259223,0.021810272308302455,0.09173318056624627,0.03024532623554097,0.038283780849578015,0.027877226329125433,0.02687173678534075,0.015469774499750674,0.02754158898455968,0.08171814367332397,0.047225047822452834,0.04131112471682273,0.049749422459352294,0.03991895819893865
90,0.02352727789805541,0.018541548184145204,0.05265700545525583,0.016353818570413823,0.06602262901290304,0.017811915655060934,0.055677439437178226,0.028602444919497684,0.0465947954111071,0.013964055054571687,0.015899941198087266,0.04356530672058181,0.179222544427903,0.01711928921271219,0.023554694237840557,0.029606620361811987,0.03599253467939819,0.05393550803557783,0.055473419618679035,0.2058772119092192
91,0.04357085504437068,0.012056835777520699,0.0758442016653358,0.048242532782677365,0.028697526064963796,0.05045819382378319,0.09692401869773483,0.0711667151773227,0.016690501830749774,0.062017098218022725,0.09710508770773765,0.10488676604804018,0.016105696850524716,0.07597344119618793,0.011645177600319039,0.046452753886720904,0.03493411035472929,0.03215866513676127,0.025905299112618525,0.04916452302387894
92,0.02500715181903182,0.22448197145180399,0.01605451474827907,0.04117024624696427,0.021110093038962278,0.07522088969605918,0.017033909274334853,0.04425469817769072,0.039828376182340766,0.06863486153936364,0.07230777796296226,0.047848738589283575,0.019774725368614507,0.04603174157592566,0.019575037759699963,0.07539197319461659,0.037955821008241866,0.062021892257012996,0.029524773892803568,0.01677080621600845
93,0.023999645913548816,0.012155825241364536,0.2084369813744112,0.10693005763053877,0.034244156247205504,0.0840706316667029,0.03271798404199897,0.012408577761818777,0.008091029496048743,0.03648067424216603,0.04506081202960894,0.025477283854101015,0.0293762400668208,0.06761992009603048,0.028971970372994815,0.036059622966944066,0.04008339348689289,0.04274261916488228,0.0774918994393899,0.04758067490653058
94,0.03555282634234952,0.020778231329633634,0.10588258933875008,0.2331238299635087,0.00930078908176316,0.06262494089501852,0.03816616543662001,0.019791306447781182,0.04314980942385076,0.03192531528853003,0.016351975466382833,0.06285375137470219,0.0249989010307293,0.0640159331098078,0.030907653109558685,0.03606891009129181,0.06806623555898848,0.031221858396639584,0.02180429487112014,0.04341468344297356
95,0.038600801940021856,0.026617468298243678,0.0255542075879263,0.02017254827517272,0.13515235785442278,0.017410549646396035,0.06417166645005266,0.10850657839500134,0.11743095750621105,0.11399373660592983,0.07324790826536583,0.02020464027101398,0.015618860492303733,0.03359188348558791,0.028845017107080116,0.015233048017788622,0.0373895201330355,0.06421931285042273,0.012730415493355522,0.0313085213246678
96,0.09730604839834484,0.029280169850496286,0.04031807421827736,0.0856147068702919,0.01179429357525362,0.04318497740752709,0.06192820693535132,0.023259301997981218,0.046671412668660074,0.0384908048702843,0.09691537499060254,0.06649416465812254,0.025606364838696105,0.10067562768141287,0.04263436443449077,0.05907815786789486,0.04215890246362428,0.04338873542901154,0.01587026116491224,0.029330049678764226
97,0.03188019496538522,0.04999077202109199,0.13560998495565002,0.06531681539053139,0.011804200785879789,0.0743975978621838,0.06564096447117165,0.01682829829195607,0.039156048446783075,0.025078707751105076,0.04233704554386672,0.1638691993325679,0.016943670585848867,0.07293832502740175,0.01910820934504649,0.05003031042508068,0.034599486004647385,0.03595727079784459,0.014989025699345862,0.03352387229661166
