site,A,C,D,E,F,G,H,I,K,L,M,N,P,Q,R,S,T,V,W,Y
1,0.02372611692347499,0.06471404218401083,0.04265522837639352,0.05689501075706142,0.033060470295593905,0.03753972410921786,0.024879767801392814,0.05624526779873671,0.10375516463919406,0.049547650518245896,0.07685742688857776,0.10040570264533195,0.000438314956942058,0.05470379688897472,0.061663384512548214,0.03470316220120344,0.021467367567995724,0.03723257451013588,0.040443452922984485,0.07906637350198377
2,0.01440545387209334,0.024870975373571844,0.023205971855144173,0.009150911215679845,0.03599059156908355,0.002134760408047102,0.0742603317365096,0.10224993672127392,0.116231193432595,0.0647527678895602,0.009438043456562902,0.11348036046592433,0.01289848540475698,0.039178251206924336,0.09067849163560941,0.026999438339031998,0.03596414678906397,0.05219107126432025,0.1116924509220695,0.04022636644217775
3,0.019341603798427268,0.07568767902204412,0.030485266551503572,0.0071792925744097996,0.012512354289663257,0.0012554877955302788,0.02054190373831117,0.022276643445866044,0.04009993933773052,0.04748453650833701,0.02548622363482965,0.0669928801617925,0.06366766595091823,0.06180535276300311,0.06489873785221371,0.030954480576380235,0.05549413195341342,0.02280907297564478,0.16719255740200367,0.16383418966797766
4,0.08794453809283252,0.13822183951754663,0.00546848370622892,0.009765305980016625,0.066866181053195,0.04035447920351906,0.021660677194652794,0.06780423133548863,0.06637567622405434,0.033455327842896496,0.08307877640469366,0.022084933958297918,0.05960464883459781,0.017673990095337103,0.001545143168548367,0.035560996896381855,0.008521527314885497,0.11105527416950021,0.02004286928468696,0.10291509972263961
5,0.02731637004185572,0.02253164995508578,0.026620598157919267,0.008940311104414787,0.11204354952846861,0.08999668610009108,0.002969671467275221,0.0846355985543561,0.01683143336882933,0.06511343756364568,0.023804608779779704,0.06354568766374269,0.0023987719049342127,0.016180946277566367,0.0024070508883743194,0.059967334124551255,0.019449135770656743,0.007877770026607899,0.27080724301147374,0.07656214571037152
6,0.22563505956008703,0.04616742160689665,0.014210534950678248,0.06877603149998197,0.04922562225017489,0.11703839571753688,0.009600448707763004,0.04907980491382627,0.009060707219105683,0.02829225868545497,0.02227860082483396,0.01463516357894181,0.03928490253727519,0.03140861416013856,0.05059879351170265,0.05814778666242614,0.10334283227755554,0.023215535793741502,0.026932236442194567,0.01306924909968447
7,0.03938846366308192,0.019360713304199226,0.03606196722365044,0.025220912613684032,0.09165845501211463,0.09811902307014286,0.024709592430011706,0.13602528341765435,0.0024113105887375364,0.04743530365628458,0.08364375629947629,0.05299583825657778,0.030825198462472708,0.012940742350347083,0.005787561985804782,0.05354271932414746,0.02504909563484791,0.058125143924567337,0.08544427986554198,0.07125463891665539
8,0.04733154402304903,0.07438123515663601,0.009377851588219122,0.06284613095244174,0.007272121587616642,0.06792739999000182,0.06974155601770132,0.05781202851327181,0.004738215317816968,0.03501032438428465,0.010646547166394878,0.048998877437960046,0.024075013757547076,0.11350120447824154,0.00556765492234488,0.09096996277121466,0.06859021094566513,0.03622204509559824,0.06545868140103926,0.0995313944929552
9,0.02550719736393754,0.04750617352700822,0.08683535624560702,0.04085620304708249,0.0506206755894609,0.05616153977730968,0.0062551946335080615,0.008601302309515307,0.027262064221727035,0.05631094014562027,0.1428329170717251,0.01017848673783658,0.08699311662841291,0.05142619023501238,0.03442233485779389,0.05171900061675937,0.027253381024674145,0.035401791038397724,0.09293955382051665,0.060916581108094704
10,0.013894102176122632,0.058289797646848364,0.0060116343864889555,0.05763340106091933,0.1144958696918591,0.050896681174185984,0.05402286921726927,0.039902785213850746,0.008255934867264567,0.03750991299349994,0.05025073477957032,0.08746832730550905,0.05992855707089578,0.08859161887892468,0.014244716305050625,0.017229736640776663,0.08972413962663052,0.00635761249044615,0.0808158850100616,0.06447568346382576
11,0.041012011256841216,0.02276723428561331,0.08109486641281317,0.02783434798990597,0.026388490817514945,0.08316610967781295,0.09330504012450067,0.10392188576978609,0.08881958813175049,0.05693872623386603,0.06127366690262977,0.017050326893524023,0.08196043699806188,0.03580461791330509,0.04550870570147399,0.016477764944106896,0.01299553270685901,0.019582514312590463,0.019646387808323715,0.06445174511872029
12,0.02781587209176107,0.043010240705071666,0.06645083949527138,0.01843026986247428,0.12267923440393949,0.017426723739644892,0.004427542754863957,0.00836201786350737,0.16931291300092366,0.055549829918321976,0.019210974430317947,0.02252421264256121,0.04188504997483999,0.061388065872569994,0.04411955571694911,0.09260570109053896,0.05671947668229973,0.01768930074371312,0.053556046962741036,0.05683613204768922
13,0.04080749871330269,0.04504099892597833,0.12856959269864957,0.03383178044734059,0.040750485561182666,0.03718082801091853,0.01609299374780633,0.051532934541598845,0.08346476843557414,0.028202755817787927,0.08665989387864176,0.021422581050348756,0.014083643938876724,0.04755004502993604,0.08566350718313112,0.04151031826992585,0.016386833801357487,0.08500359679823753,0.05553703728904826,0.04070790586035693
14,0.016300308119297075,0.024060774398908406,0.02974978440653473,0.005773651950755446,0.006239923618209376,0.15735867330413922,0.03103237893311689,0.11959983982793694,0.005339290405773735,0.06577094426692637,0.019220928055550462,0.06661731507434436,0.006845982515030968,0.019977362381453156,0.025081221597113467,0.1359451785107668,0.13156510697721832,0.1008136921887663,0.012115065058665928,0.02059257840949206
15,0.08037225338157782,0.04758209963410543,0.06893589739579195,0.05364904571145912,0.04499634617275045,0.05139880087675973,0.10028068793866636,0.11789134388969451,0.03903439518260134,0.03085308239954519,0.0653871051975664,0.04534904359739744,0.024462508253796283,0.04343538745702623,0.04154948695432417,0.025670968668689512,0.057033550969969725,0.028505348120745434,0.017165859085071174,0.01644678911246175
16,0.1801223970800383,0.03539477498630946,0.021876484030909336,0.008596271429267659,0.045111909314153424,0.04583153943171935,0.017308838324486722,0.022589483294873144,0.015753176288739824,0.017581550156148987,0.08659247443779833,0.007428338114906654,0.01565435765288557,0.011767954623856493,0.0038653452245507054,0.11948036181685916,0.1297631422923445,0.1847297733354954,0.014147923011448663,0.01640390515320833
17,0.05988272269551461,0.00600568702762557,0.04388766568911894,0.06157185280464305,0.0044051973811046015,0.028336388079920137,0.0625485880054398,0.052194796937585865,0.051645998354052154,0.040451476596457786,0.022270386892367294,0.14500032855218195,0.001317466440566554,0.08957471630350713,0.07926021316296637,0.04020892778803753,0.04980774696618815,0.05787289494378121,0.0276771634307313,0.07607978194821001
18,0.01988819709534263,0.06109797432609413,0.11939963225869388,0.06777278041978582,0.006492558668994818,0.04831216179415749,0.09217429403301118,0.009449450884776346,0.0782547152234097,0.004148436324575653,0.03475122240140267,0.059642975296731925,0.03869673874232264,0.17768196065790884,0.050221628722252123,0.07402953648098408,0.04067787001437287,0.004883621407878087,0.008320655753880923,0.004103589493424211
19,0.05706072609115713,0.004101786629750464,0.12405985607093108,0.03640199845413549,0.061374143293633235,0.05266699898974565,0.00720432808815479,0.10192059367807083,0.036794510620204765,0.06614223539219363,0.009751674700311744,0.013530847451950934,0.053605960371938224,0.05074124741045165,0.0255338638667491,0.013395338333100451,0.10059305880811976,0.018109087705930983,0.08787516476468464,0.07913657927878548
20,0.03147491455807413,0.004771940332745292,0.023317107004614212,0.028648561648912323,0.01636395990442005,0.04737978749583966,0.039935314242705675,0.030830902663691363,0.10776774978213484,0.11056161295490274,0.0821397907809719,0.06522335606227359,0.05867069189835584,0.12338047264012839,0.027194247172316072,0.02090040216186107,0.07919565258945976,0.004880115113096578,0.07096144667439765,0.026401974319098867
21,0.0695380514236769,0.010934195128721073,0.0952653309468362,0.030311013053365907,0.07423339544570032,0.052457510977109566,0.056326495984614325,0.05269932828017705,0.013372842389035423,0.06876905238714082,0.09978455080782045,0.03967125479431646,0.04166557172004108,0.022573606871079215,0.03361823926622738,0.0428267415934878,0.04139895188340347,0.05173884311339449,0.02046399401537903,0.08235102991847304
22,0.025402343119549264,0.031375415776360965,0.026133544619688347,0.06364660200831947,0.02390865427928053,0.14111109666259156,0.08363325974063768,0.044837974094950224,0.036347916581221884,0.044502506060736496,0.05338737626442423,0.07085217180676685,0.05716935305070557,0.024391590966030198,0.008074332955223279,0.0472433343560847,0.06257871533878374,0.03691221869659753,0.10932704444768013,0.00916454917436735
23,0.03522630487944565,0.048682302735350784,0.051580152327488575,0.09827528100566771,0.05899807341844353,0.04377585186164484,0.03581220362745882,0.044220250776139065,0.021852737496221842,0.05051945095125245,0.024510350582912288,0.08447690914857281,0.04578580913566056,0.057111580167306455,0.01469193892333002,0.043777198487484494,0.0459289093857087,0.011140584428023893,0.010062122760130174,0.17357198790175735
24,0.031788376582333876,0.026313970929186938,0.06945328986456431,0.10171158406863191,0.0756036454179629,0.03849750402901503,0.05360828514221238,0.13708719854703127,0.034335020795809544,0.04482348649167634,0.05256324163473477,0.030661749924058138,0.05191598650003581,0.07433319776210186,0.05283391697805705,0.026948955284787194,0.0222209332297447,0.014528773900326161,0.03663986724394555,0.024131015673784274
25,0.033692089487285554,0.007775589307083557,0.04704063245323038,0.1276026571946128,0.02519390546022244,0.036133716378993694,0.021177810296386726,0.04775125337220986,0.03816052181417476,0.07188930643532863,0.023833666118801666,0.04788260573745182,0.12570507728791178,0.08614617809208995,0.06779999584694144,0.05569168927158187,0.03583906043021486,0.05970878081656352,0.024151771989059476,0.01682369220985519
26,0.04327486254451115,0.04965746427597495,0.042343878089901796,0.05544238615553236,0.0829099737505093,0.03860404532767011,0.0686456446764756,0.07699163545361778,0.09564776992982825,0.07170172092095405,0.025513539207070703,0.01911407747402876,0.013419040762684409,0.03986581759654876,0.007370898010257755,0.008590760650353543,0.13119238086857118,0.05302240430515808,0.04042431551091254,0.036267384489438906
27,0.16848318912889432,0.019806186351407875,0.025798939947910715,0.047934403105254854,0.0327044767990907,0.1407344203358633,0.023872035417339402,0.01936225591704601,0.01923613817403091,0.011499750987501545,0.05580083881314318,0.0209139218901007,0.07755912986037518,0.032429571873186576,0.01936580918206656,0.0645617458516181,0.09728933282731762,0.06892321438176435,0.023003377067904673,0.030721262088183373
28,0.06764455663232599,0.03007813266090693,0.020235353510288916,0.04193291661308943,0.1425241583058103,0.022532615767982073,0.05032197790644055,0.012531959610005108,0.04949995456952949,0.02084175354633997,0.12177563290183041,0.04482971539744198,0.011315288761013386,0.04855625371600437,0.028052575380453977,0.007734247662149019,0.153942931726806,0.044139443098307654,0.03815927755407217,0.043351254679202283
29,0.0188629445512326,0.048969018509164776,0.027450063360856626,0.02013311518873275,0.04711739736036103,0.010354521691125834,0.0195959737996554,0.06755853726463591,0.04066698918746176,0.37078422092682584,0.04591089134393172,0.023084546186583163,0.02254397361910323,0.0344003268570505,0.025257185714912152,0.04265797955415425,0.023612876203584952,0.03175727602287573,0.04361156494658041,0.03567059771117139
30,0.04921852920521901,0.46251408626922164,0.016491827319576446,0.023327405029519167,0.019089635050672373,0.004500692016409906,0.016377448069284394,0.08009231245023103,0.019476580367444252,0.013032040000211529,0.04397972429285879,0.01937874373390373,0.010954221981023523,0.025147817272901857,0.007531833770829061,0.03466764182866135,0.03808871613455326,0.01641509240001729,0.03404404399230303,0.06567160881515834
31,0.027933898807152788,0.14129051247456229,0.027268811469265974,0.020666348305078016,0.04813617148432312,0.013099999610730441,0.01791984637533509,0.09586653380142998,0.015427952507734054,0.23499190597475764,0.04872655274818708,0.014036680710759315,0.012224794869091261,0.020469571237204484,0.07614372849010004,0.00704504980187763,0.01966099044504833,0.11273739729945619,0.027274937383639793,0.01907831620426652
32,0.006355226889507317,0.02087006313540335,0.021200997906581434,0.0296585335227629,0.10309648303698962,0.32784513604350285,0.040007219621315315,0.017662515599906517,0.0234030967259471,0.01003771325456286,0.03303507117336451,0.04560356063831386,0.048854817876760735,0.017850355050981304,0.06237578970019954,0.016088769419325435,0.03615841965692439,0.04422909685396402,0.051949346259415,0.04371778763427195
33,0.010709370102944104,0.04072107855286422,0.01608293159225602,0.01905789426223651,0.025366549330716383,0.025129667226084375,0.35450355349428536,0.01648904037208141,0.019760490880193327,0.007401426533506032,0.055884539463644856,0.03843121158236589,0.025003358039874794,0.04785977773004229,0.13057864358861726,0.018314425262358817,0.006691212171511475,0.021871036102340258,0.06897841467121182,0.05116537904086484
34,0.014812737851570253,0.033477857401599184,0.016173387136929427,0.02466312576548822,0.025676471825473512,0.010162539268908177,0.2496707001786781,0.04423852908504001,0.027474286117698414,0.04728341414335259,0.015617130509110524,0.04846235939300602,0.03931152270172755,0.09910596009011136,0.029023880364542152,0.020637653553871666,0.024771320519575285,0.013321388462205206,0.041057150712793374,0.175058584918319
35,0.22553501101120269,0.03245057363944704,0.00866735483334333,0.011389412913047044,0.009222881972548742,0.014860051857318908,0.049407977223392956,0.010546266955279434,0.0128140195437018,0.004765760963716465,0.06821889858036646,0.20028204205977346,0.007137556628571016,0.016100063366491075,0.019792755910880488,0.06467656434978045,0.09798619929907997,0.057685053256167816,0.030293074956076322,0.058168480679814526
36,0.09142311055370492,0.012936516219052731,0.008625707354673023,0.0077484699504263435,0.05804725538304102,0.019580138234684887,0.008259344481482573,0.05940714307354241,0.0663638413599926,0.023310541366638474,0.017652248056736864,0.1542493346368174,0.03682905110237404,0.012557214813675307,0.011577098799319757,0.02906848163073501,0.022463585813574206,0.24015041684333338,0.07297054099942296,0.046779959326772085
37,0.05682904702952474,0.009334560371583225,0.03409142701237246,0.006915055124603376,0.04888843962439295,0.07842740119405886,0.15951323075520127,0.003840197850081446,0.03305953633117069,0.07517751461476643,0.016606539544381276,0.008955009691576973,0.07570145191958501,0.04702277282280696,0.06648336730943487,0.08745239097167204,0.10400385182366774,0.062403823333954174,0.009488813942261292,0.01580556873290417
38,0.029090866187995217,0.01318550496693332,0.05358410108768597,0.034347737282739405,0.016625652613743408,0.07122679069425808,0.11013377047239789,0.0037602581331927787,0.10744117910517975,0.022569700373886975,0.005121776317358861,0.08966894348195822,0.0051300792749897845,0.14536280584129893,0.029813338906950166,0.03748409876948275,0.06537516757200072,0.009235354764759797,0.04683056279817055,0.10401231135501739
39,0.03285499681003961,0.017937393825026602,0.013296701899328337,0.0341237015231287,0.02819306791616487,0.24895542033363335,0.018591276387045597,0.026270378127166243,0.05150597374975903,0.03844215306166991,0.10013530660037606,0.11156073839530199,0.013031834388094887,0.10964592751324144,0.023349107101366135,0.004779264403318957,0.005496059557345239,0.07774009791060492,0.02201129463313793,0.022079305864250238
40,0.05934017371409627,0.04444537765856646,0.011786180587397046,0.025181113641133943,0.12879740724658542,0.004934217478523386,0.08660474325882511,0.09334186947620508,0.024417001149743118,0.041110229147793984,0.05526131040485169,0.01093281111468045,0.04069746044221402,0.03267223510088285,0.008822867127003668,0.03894621162328507,0.11977754891043915,0.06916247416784944,0.007205558439661732,0.09656320931026215
41,0.020498874250981184,0.006790451067704288,0.015371234921050907,0.01981300259872789,0.03400042983862291,0.003943324923013394,0.03376574407288174,0.10499330047270136,0.02025480563506613,0.07778749633168684,0.14128740225446973,0.012855770044402587,0.011686669141726478,0.022983303900372717,0.08937296058815812,0.0627122388884261,0.01911317199932094,0.12457353010656452,0.019395505646191975,0.1588007833179302
42,0.03768262593156793,0.011122433109506509,0.04243739354703422,0.010844285897835157,0.010513440991850618,0.023997533260541885,0.01228004950046742,0.3235135837707885,0.02075754500783894,0.007103393384033966,0.07830888780082915,0.009972759438755094,0.01594192104284927,0.04034853529645153,0.031579184808113954,0.01306190641739144,0.029546782563835246,0.2492248814793822,0.01672239000199765,0.01504046674892933
43,0.05905150502506135,0.007522422633376112,0.014490549305808224,0.009048857718160167,0.035404758934508236,0.029115898793410543,0.0896380339797093,0.020334823284899523,0.12699506845450848,0.026764942872106377,0.009866639471740718,0.08523200672968778,0.0030031852022748572,0.1312427130000931,0.10383874482580975,0.08490359218645414,0.09882233037286511,0.053727134510848394,0.0059331397938169675,0.005063652904860816
44,0.04073839546563952,0.03845092139111507,0.01910423757848462,0.032121603580260435,0.014921531402566848,0.0818684900811313,0.010187526004094173,0.040848884304023496,0.05038848244153565,0.04080019199796834,0.05101960973714715,0.01509107665233401,0.055570145457451904,0.01782083663239343,0.004610852327771396,0.06798550726216525,0.3232944083509316,0.04974657425273562,0.027852988799868184,0.017577736280382016
45,0.014023342591415033,0.010569170123313366,0.07000688297515216,0.021824114911585694,0.011252198943852489,0.017984853968115538,0.019351502213456957,0.24300562675354673,0.03864063739433425,0.05877721665783673,0.14651959608540271,0.03199231592411322,0.07743787158929716,0.02101185911194476,0.007460932412857872,0.0478722213775199,0.04137981317969992,0.01376870695734078,0.0941994479826737,0.012921688846541048
46,0.07599969866119405,0.03310813449571651,0.018022235835086768,0.053482211285342474,0.008989175297274716,0.06263389045803208,0.011001976495549756,0.04050853268482848,0.003980007288997243,0.019111121484619572,0.06469252327377467,0.13238499654376595,0.002342779166490636,0.08388729169124269,0.0604448199671262,0.05838579159613963,0.06679037707312879,0.11684435783830736,0.03666027236513272,0.05072980649824973
47,0.07347859923012026,0.09854901925797603,0.05317300277632919,0.09314934524594659,0.011389834213749228,0.03129411306838973,0.07293182728067413,0.014557783566075514,0.02722036504758993,0.0461011184168692,0.025338091690696812,0.06306955653792604,0.0016922571442958328,0.061262779381376774,0.023638007416116085,0.10674083127574104,0.020054738790200314,0.03181051455276028,0.022690885115298903,0.12185732999186812
48,0.06795070231548123,0.01574234916952335,0.08908918774761711,0.11981180742165454,0.020082198004800052,0.03488184534812834,0.061335342881545345,0.02023207285877054,0.008830009558196924,0.029419285174897867,0.057343343159561654,0.11130112093942757,0.1139013916939405,0.01130127173688492,0.018579097626201902,0.04515883302895535,0.08004805479111783,0.021020639313147082,0.011022946276204912,0.06294850095394298
49,0.055407742054995046,0.009133789420842106,0.029626727512504426,0.07600176996242894,0.05529514912213699,0.1330892529371334,0.03144999143242276,0.022558928809217258,0.050429081815508085,0.09116835570538459,0.008955220062594799,0.0459812603040122,0.005357329410304051,0.08243097364121363,0.0765644169510681,0.011353875227054496,0.010185484253867972,0.0589033869973453,0.08069143781072527,0.0654158265692406
50,0.06023654739690726,0.029570054955095293,0.016062773155938747,0.01713332195696125,0.08647175247687786,0.0036065334221039047,0.00509829475721757,0.1629863466425581,0.01350235357145273,0.12563959688029372,0.06454019925419192,0.04185112023447465,0.0039674363538627026,0.11582508824193635,0.037194307613908496,0.010797950731194222,0.1138783548810745,0.06618107001544801,0.01765847888680904,0.0077984185716936825
51,0.051795663172054945,0.02783753755272793,0.03359440700871089,0.21158866759127432,0.006650228254546792,0.05854313522175178,0.018813209015201456,0.04881171579645736,0.04523534017727238,0.0464537331607004,0.014408824563552617,0.01816860513210014,0.023964993414955397,0.15374793762803196,0.02589891990593951,0.06827909886439874,0.029583531045878374,0.004755348278588173,0.03631828962923463,0.07555081458662219
52,0.019859952062768176,0.015183860642593378,0.013361840181527163,0.07341523800906079,0.02675843643888498,0.02256791710940271,0.008892413424540878,0.08401940373329318,0.08795397585715001,0.02743880565101006,0.0261692465849409,0.02935521267963997,0.02132069238105066,0.013469590048493688,0.019108092931152395,0.032554667190955615,0.04801532483538527,0.3648496763662588,0.0322407567228722,0.033464897149019186
53,0.10851980351186366,0.017214963771389927,0.045154295128709374,0.007014961439452705,0.021871521556686552,0.03701177411265046,0.006175821788080204,0.11678516073936299,0.01799825353637049,0.04504436712805947,0.022046535590104714,0.03505129120734169,0.014979934710033789,0.005662114137041093,0.023133545632365558,0.009874728938022168,0.23405969971941945,0.08858888694219734,0.0663824129388322,0.07742992747201616
54,0.09502234802256533,0.018355313838253322,0.04878759542757944,0.09698562997861493,0.07513122832400593,0.036467006336723395,0.07423653348929304,0.0616324081719259,0.06741168688687708,0.006996512375499854,0.06609399132606689,0.11162230179291611,0.0027571930382804125,0.05657894354802102,0.03741490354722213,0.061482848496046655,0.05496141168100228,0.00418186787485472,0.017764046157636847,0.0061162296866147
55,0.13921960804333375,0.025694810932855233,0.052355288710726484,0.01136425871706949,0.009301424724128106,0.02517821560773276,0.007885274120933873,0.006323577345424376,0.010161777147353016,0.049770089400015496,0.014776839169785774,0.36362028363730414,0.05772204161648333,0.05108930041776918,0.018169220319531255,0.049995692686160845,0.013946409629149633,0.06054179411557378,0.019802666050377088,0.013081427608292387
56,0.035573224521639336,0.008112039523664806,0.01683188436570227,0.040549189513020015,0.10960966195706316,0.014124162131860919,0.01627349818269534,0.0866024988491786,0.03229125912567504,0.09736545851933628,0.09559178460378162,0.011738703172411618,0.001344170469106849,0.15956069726752756,0.01201220189959103,0.01894363707870856,0.09291491500997878,0.08038474776436547,0.03337486426309315,0.036801401781599574
57,0.010423252104281508,0.012863025266209863,0.014265213290677264,0.1871242514224276,0.01743452524750642,0.023426201414199738,0.010629062343313499,0.00836287375296532,0.27378369571698874,0.0148114927669601,0.016764455671521093,0.006229202588171345,0.002568740474576028,0.04750656779029573,0.23034356280853394,0.036303643843662935,0.028553186161948487,0.03229827100507158,0.01727435474577746,0.009034421584911391
58,0.053597194024352805,0.02491026447668316,0.030595798910160697,0.03550525204210369,0.02789404587506635,0.015421264364573431,0.009099027163820925,0.015640786024450074,0.02600300779915799,0.29634537532268357,0.04507530695286855,0.02164704468536435,0.02504525221482947,0.0818558812313774,0.04323377909381815,0.008327338025466972,0.08265946835151379,0.10641631411921441,0.027298881862789233,0.02342871745970496
59,0.019398097921561823,0.02098433745224655,0.021396284318076015,0.059901563163504964,0.035142342768184974,0.03925421360599163,0.016038936221993916,0.1029546738385344,0.022601036639431662,0.011756924653655413,0.027905946448238746,0.012979661788532257,0.0165676731957721,0.019378334425777646,0.007167085756399011,0.04770642600103842,0.015746768356386623,0.45708012299087425,0.030893391109202775,0.01514617934459684
60,0.06002737632781412,0.03495739995406297,0.10541905916373305,0.061604262210407455,0.04117878450427107,0.04177140610511675,0.02903609851138558,0.09996345322156483,0.0525754309303279,0.03499634197670295,0.04000523854792479,0.011456927795363723,0.00840766933596951,0.09956186990996266,0.02982892805183277,0.011741743780635371,0.05830222173223365,0.11079339630202878,0.018991966308580247,0.049380425330081856
61,0.033415572285678465,0.013169843766838867,0.049623390751324464,0.01507065445425255,0.014194564971306792,0.0313276765366845,0.08859336464308433,0.11206022483669556,0.031620011630319446,0.04885997709987788,0.007730894454245302,0.11680248413563858,0.04198121438413426,0.03665152549531153,0.08244508136407054,0.10886797895527935,0.07425880897856019,0.0655056833521933,0.007113259216185631,0.020707788688318487
62,0.0550279388358216,0.012155819708046398,0.05677095110483495,0.03369628592001854,0.07662864011235401,0.05927896553334155,0.02058786433333298,0.04360541813878764,0.04872202225282509,0.047065791862252564,0.024076000630852634,0.06651339027743822,0.014903672660285451,0.06947590341524498,0.05133286213991402,0.06994957051401711,0.05995058054255833,0.028214284662853112,0.04095743927344196,0.12108659808177881
63,0.07525241048072746,0.02228889731199344,0.07292475296284158,0.01561500432764924,0.08763331862822907,0.07006065505119224,0.033882419178198855,0.045608578503014474,0.03405024649558699,0.07858197301590684,0.05077532343618474,0.06356263092310883,0.010334597897584284,0.02228703287983146,0.021605025920878478,0.11879108220507298,0.07460553473502293,0.03478368725641243,0.010348419485578892,0.05700840930498471
64,0.021938201555925373,0.013584661646541698,0.017669000727170973,0.08509989540875622,0.07679482052891694,0.04785751648362539,0.018583465769415164,0.06541232217041425,0.06904313840967763,0.11633389032747718,0.006409035498520433,0.0418379851754435,0.04044873347783895,0.04895309979274107,0.05674241482379112,0.04786066761998439,0.0808508633433594,0.07269948959757011,0.00409595575095626,0.06778484189187393
65,0.043825980313758874,0.04897201384626936,0.05319048139882411,0.03382364042530457,0.026311454203845664,0.12521685700472357,0.013566268882688576,0.003958449426310364,0.020862216554542373,0.03541932402251317,0.03579598472333503,0.02243028359227277,0.06579841601552062,0.05615086920532427,0.24876000600999468,0.027877761672100307,0.07972948363426646,0.010819192706667709,0.021667076319728418,0.025824240042009096
66,0.09735555371339336,0.0017456828276401243,0.002976874247523323,0.06191274192936738,0.037546143863838075,0.002903885665960585,0.0410003956104731,0.14567429592889358,0.06049348881742768,0.08211200890292247,0.05852789776073671,0.01811121370590986,0.031418609066089974,0.0888340933197198,0.06167833192064941,0.040881697230143246,0.07209301309397458,0.04333638181202111,0.029678473799079154,0.021719216784236436
67,0.04087342968142586,0.01730676345616099,0.011795399603318447,0.014626252578112136,0.01303118583909153,0.22157624202938606,0.04480890665249624,0.2687592958482835,0.04514443498154156,0.02466639135312911,0.05520830336945344,0.04181369150743536,0.01315047124782593,0.021405419297573076,0.007909280726243284,0.019981087486158997,0.02408360690164213,0.025870355626989,0.07038487722706394,0.01760460458666942
68,0.015999914932323833,0.3804324720761823,0.028737739306572325,0.017302171515853546,0.02827407456258478,0.04567490112906655,0.015770139819050843,0.02388215160785544,0.017293051872126142,0.0512831740563051,0.02549418073699393,0.019028610886911,0.02583417017179782,0.020139217776691785,0.024657820328284334,0.0480520823901724,0.04021282509996839,0.007112539756686326,0.11567319730483606,0.04914556466973706
69,0.0991699182404258,0.029608414778775727,0.1603641630008885,0.047661446783996836,0.027039887710194603,0.11794460681410089,0.051402894065359736,0.008706649898818123,0.047435375135653775,0.018401007083331075,0.016006872927616857,0.041248960281439574,0.009028230203550555,0.04106406902655334,0.03053262428504591,0.05490442232180119,0.05533847088271245,0.057385684748251335,0.012561783833043606,0.07419451797844012
70,0.10743658866894425,0.009549262441823258,0.026565818490353273,0.13498774743832104,0.019686438472875618,0.07617763243025898,0.03986388019436978,0.002501793975451241,0.08887477149132396,0.03013237145023813,0.08757853103559077,0.01689164575901914,0.0011850890131138844,0.060065130074461584,0.09705601838282102,0.09321649917301739,0.056990467178508496,0.017774888423374977,0.00889303047547587,0.02457239543065738
71,0.014616370589710027,0.029213961601893323,0.07337124982584896,0.06454027075317162,0.1747268349554102,0.07316682135541071,0.03607453411708092,0.010940690318644104,0.00728110480303831,0.03420592332435585,0.014172690824091132,0.014260258239649954,0.21205478832394398,0.048013279862442505,0.029500063760282046,0.03702555830777788,0.05608387001803586,0.007840991184108796,0.015925053549912947,0.046985684285190885
72,0.015969235080706787,0.008314044093313445,0.029902679244007857,0.009575883935207051,0.29199355696985385,0.0028155655827084318,0.1400379435633802,0.012930856863036303,0.03969190334021103,0.06004520710630426,0.06546518078626162,0.05245630385244938,0.01217491334406798,0.031860441745016496,0.00895205537851757,0.00863937398578814,0.0025256898496100275,0.02181060079511212,0.028745317290099756,0.15609324719434767
73,0.06251141308189664,0.014073997284528792,0.03211866327584273,0.06806946243391844,0.04569159828709048,0.019276869141655353,0.044480051094718226,0.05371070737975294,0.08574661387577005,0.08082819180859313,0.014902331711568323,0.12758030145432486,0.0050764771558006174,0.056391647802731266,0.03247815561134107,0.03597700038576614,0.04081331131949401,0.16870814462184677,0.008585034185641901,0.0029800280877182745
74,0.014067245155098659,0.010631712422542086,0.022340494668292122,0.012072059622419664,0.020445462221324227,0.034401390265730275,0.01278381850279031,0.2494707808284491,0.03894594561579793,0.04207820603092956,0.05837502129028612,0.028652084682151684,0.003650134544621904,0.01877415143238398,0.026872611721282403,0.005639787914638515,0.02057352675650035,0.3032378696117906,0.0451521112278339,0.03183558548513664
75,0.0218309399227999,0.02811050862704002,0.010925774948176491,0.005683613283385991,0.03175787777541531,0.010896751762785968,0.019480769996480313,0.11830223344104583,0.030197369361993538,0.26950891358827,0.060902306807361285,0.023323105539076152,0.05964104139880851,0.02012188518912588,0.01021313636758585,0.026207143283041603,0.009625879364332611,0.18392699028216786,0.05056111414647576,0.008782644914631073
76,0.013940771731299458,0.016731544736458052,0.3554559851596423,0.0365556621197529,0.008974332511314803,0.012314506633460951,0.014414032663578599,0.05605722350261461,0.02610117419481996,0.017364289723729793,0.017047152981016243,0.05316033960528706,0.03929104828716254,0.057454820748916884,0.04134538750012218,0.04985111723061136,0.024848752786291076,0.04875628391737397,0.06532480229150164,0.04501077167504559
77,0.006610739625868048,0.039010535611296276,0.023018536240047037,0.07482741872680387,0.009458188440297362,0.29405364049072075,0.011801825679943772,0.16392812429740597,0.029529010094931283,0.007275743766944526,0.03727528225288372,0.035001525646823205,0.0063376857723284755,0.03201856414083403,0.017244085983754716,0.029150758627183165,0.01931150432874886,0.05703510603204976,0.0930366014449741,0.014075122796161122
78,0.03833867709631244,0.0060062617477419705,0.04133644950909696,0.04362184751074982,0.0289155227892326,0.17154788960358663,0.0617241114967977,0.029637681225033196,0.0747789310067123,0.11156679861638588,0.041298253417608614,0.08567559164131434,0.022406365435388563,0.06046128955268066,0.06423818593238784,0.01953846231333453,0.02350125126713172,0.032198155773343326,0.016336893707478022,0.026871380357682835
79,0.041894570203054635,0.011036250704007284,0.03082463387364239,0.0765731530537684,0.012670866180599373,0.01634210453722539,0.0696389595331015,0.012579769984957275,0.03994441224785308,0.026783355615701998,0.05529359174089038,0.19291830797847348,0.004506475089375962,0.11254780193799754,0.03340561915918111,0.04682346934356274,0.041360184204456356,0.047185407750550745,0.07660580020557119,0.05106526665602922
80,0.009727714995352148,0.47013179422711143,0.023151319787048222,0.021146943973468953,0.05295380633364616,0.015566138304667394,0.020690427714181545,0.015064741945012455,0.0219047106327565,0.04180040153000474,0.03301970517738921,0.02485805183368668,0.009816661701662016,0.024009918051621882,0.019647502010287376,0.022892882047393256,0.04960141733366745,0.03594313882045582,0.04987651471040457,0.038196208870182116
81,0.028171460170390367,0.023691974955884678,0.0295537361335246,0.021108142399451614,0.08143252068205542,0.008385493360359203,0.05294271168556022,0.02907742907715791,0.04796220100348068,0.0633811960868111,0.02982297754127111,0.012084790869057645,0.005205929418295004,0.016702311496774785,0.0061105369368052035,0.16762090111341507,0.31446994739736545,0.019435001084787257,0.024678658598574002,0.018162079988978615
82,0.009353095076291052,0.01655639013391126,0.05688261371872675,0.031891271176524245,0.020393078615340444,0.009164497902682266,0.025668755930292417,0.08080550837753397,0.04537421840370373,0.4482930477432358,0.03223100720240736,0.024190955386580934,0.017949277514900604,0.017025674048565535,0.09225843507341254,0.008518456596755524,0.008891325703115996,0.011967925934233624,0.027805466539952313,0.01477899892183355
83,0.018800037454669377,0.01484355400869735,0.03266254256048333,0.029897429872781437,0.044021209642926405,0.006126959382497747,0.014653742360202955,0.36172104434129015,0.020351514772340932,0.03741848043073145,0.17949027206453574,0.04669437707836548,0.010045856303640216,0.012782773027953014,0.0541919276308102,0.030001833935643804,0.024157438683485882,0.02351656633805038,0.013461043902820716,0.025161396208073433
84,0.03798521235204665,0.016440044182301754,0.37986152735112155,0.015329142723569384,0.016673233700049993,0.04146696598837427,0.009802071630732994,0.007991327937326978,0.04604007929934764,0.014294288475211588,0.06911517793217205,0.02820540258403226,0.022105711551256197,0.014489124796296616,0.013122328268086628,0.05954294837095956,0.023606236059101837,0.05509883537147778,0.05593423074419744,0.07289611068233685
85,0.3609227721184828,0.02672240914142201,0.03856190968085291,0.035176585312869386,0.05541708790332093,0.028532758918198856,0.03873267512726307,0.014239049480278492,0.0796292396487642,0.025276197930956083,0.01819420464551458,0.01488435433484703,0.05450677284411909,0.011622740456592003,0.037786286252759024,0.022831226657205876,0.02625567922908923,0.040379978544842855,0.016837558056665487,0.0534905137159561
86,0.01968875907959865,0.025993667498061687,0.013145822511344019,0.013841111614406924,0.014219985266770258,0.0075303733349578236,0.008822044367772862,0.07335416515945967,0.036640844312890775,0.3198810807299254,0.09912894790481305,0.008480663088493958,0.01869727807115043,0.10138678401509935,0.04189310230222411,0.0031881857155731785,0.03904585435672079,0.1192162155834134,0.01793912082600256,0.01790599426132118
87,0.05007037447714964,0.0057043287392411325,0.02596285893619696,0.061711454326245065,0.03357537803747939,0.0659783768983454,0.031538524608365204,0.09458423198174458,0.011237315073184128,0.3078885997431033,0.023649114417618616,0.012704189029591743,0.023910807729624096,0.015946857436972422,0.013016829978724422,0.01717500085198642,0.017738819636674192,0.0901732585616387,0.036162486358053074,0.061271193178061525
88,0.034915935788568775,0.02752645915983228,0.011365717118324441,0.03897738807158424,0.03591007132173171,0.3215525526879078,0.03088196155562985,0.0310410821850793,0.027253430739197802,0.040310141797632704,0.13419208787008846,0.05177618291766742,0.004373595574851001,0.04218897341190403,0.07658648294586651,0.01945667221633248,0.018209712080394222,0.02768281147004229,0.014146722312797374,0.011652018774567332
89,0.14339089870326402,0.013345253590445983,0.3564668949002315,0.038863870887245466,0.014199611181602071,0.06197444983738152,0.020863484535229404,0.011532805063627508,0.05081481505113496,0.004687152867318589,0.026542751542073386,0.025304734012052386,0.0032838847317191175,0.09262166285864563,0.004877405967543478,0.04122371350674986,0.006028244116810002,0.04095635549668241,0.022269935550654738,0.02075207559958799
90,0.08285348995766657,0.01231262829298115,0.02329570251467395,0.026478139984375527,0.12083339557056824,0.06207985068105523,0.04913222142123601,0.010577035218778915,0.020777153073521806,0.026260429983564707,0.01631866181177084,0.011364526235415983,0.3498523609194542,0.0268430782467004,0.019992643297689263,0.017588011088436023,0.026141956594834717,0.011089940740664484,0.02308462803478156,0.06312414633183042
91,0.09470996465740925,0.01485780714781161,0.006236862954302812,0.055308150044491744,0.027695451699822352,0.16642567369079897,0.07435426358202799,0.03376164016408762,0.019004532660606744,0.03567798349489575,0.04117469560735535,0.1335308624495661,0.01946794067608656,0.11622754879052102,0.022461491461058657,0.0983337674371499,0.01749134873053986,0.012241277351810667,0.005976122461727546,0.005062614937929537
92,0.01898516006438995,0.4087527527491013,0.014545242470109753,0.01730059195511874,0.07164077036310174,0.03034959936867894,0.024421773481013362,0.04237071593554033,0.03319333780040072,0.020743833301272937,0.02331153564023876,0.0699922995490866,0.02270189737886651,0.017636610364711577,0.06465704166127548,0.025985246525076548,0.006738346258117298,0.027392847909607543,0.021292139219748846,0.03798825800454308
93,0.01600277765770507,0.010667782654414268,0.3197863702596635,0.1346812354475309,0.05444268444049776,0.02279167977972292,0.01983848164677231,0.011009925115465183,0.036861997785534326,0.06171087810519291,0.06923755763667852,0.02703161234798239,0.012438994147902517,0.010937553115441123,0.005115751738694868,0.016524680614729045,0.041676259974465044,0.04298753627945662,0.031361506323531387,0.05489473492861935
94,0.004726327046225908,0.07140260537877974,0.14518269310310755,0.34023431487988126,0.006555644517104872,0.058230964568318756,0.044061816121488295,0.01844901393041982,0.02494436604904443,0.02313150965360817,0.014978436526759077,0.04310250495625511,0.020586055628358663,0.009695032102830039,0.011672311037267544,0.021549818968251776,0.0029505581215714654,0.05571593041349622,0.042568581841545564,0.0402615151556857
95,0.003459466438008141,0.02542959285234931,0.006884690183302358,0.01332395251505533,0.17445888276864238,0.002114133205952601,0.031239434409053798,0.06693779537925498,0.023850033883284192,0.467607732942762,0.008565287974728941,0.008100804535232058,0.012422409148203577,0.017642023716665307,0.010869468285829225,0.021374384049798426,0.04931074303375898,0.029633867683457174,0.007194092829226627,0.019581204165434633
96,0.10653466106441131,0.011641178425315977,0.06463182258572582,0.052257298427415035,0.017202804925138825,0.01935631507768648,0.029805466904993614,0.07994519816487655,0.044255432361417456,0.03722385013428214,0.11824711641889603,0.07041634940138006,0.006530507633372906,0.18200710828354513,0.06237584798101791,0.0474664190907327,0.024813356268139724,0.0067267951852875004,0.008195130556987609,0.010367341109377282
97,0.03835017284896119,0.010208050130274291,0.20743301747964105,0.022234106491655876,0.04955279232020419,0.06910642535467133,0.05129618072965484,0.0154452885698649,0.015028388462746043,0.03742817870325862,0.019363559195561438,0.2581288621435634,0.016265831572717094,0.076450075212106,0.029152809027755047,0.030524583514705602,0.01695591382095121,0.01894694747751162,0.011614086247575595,0.006514730696620645
