site,A,C,D,E,F,G,H,I,K,L,M,N,P,Q,R,S,T,V,W,Y
1,0.02722481116258478,0.07309122536449808,0.13848698271393117,0.03490190854593523,0.02194002223413635,0.0379995009956705,0.028421740370821316,0.07993714741553244,0.05315420854423677,0.04206469063299607,0.08422256923354217,0.04936482914472434,0.015803486199541795,0.03383317767707472,0.0464166566959073,0.02185688661289704,0.07728585707514844,0.04248951713023115,0.03301467768191289,0.05849010456867749
2,0.007654649531366195,0.011801812124951941,0.00470023684420149,0.017717599802976686,0.047525574710146214,0.009768386185605956,0.03139317236411378,0.1632855418305335,0.1288982187151128,0.06609908678148206,0.012712929001916543,0.0652314047211449,0.013853237607095807,0.043681459799938385,0.047357405713406416,0.01957950407190274,0.0366849625586212,0.09074356198491909,0.06150926531329583,0.11980199033726845
3,0.02765687981668677,0.026937808066616737,0.03131592644260933,0.09172141242625305,0.043133409495718804,0.005538344754998961,0.05858000011104464,0.06689592035273967,0.08796904257921109,0.08050385780850931,0.007935395471196167,0.1583324239956734,0.048023792829885156,0.056173577505339356,0.04776873689359578,0.03121602896380421,0.0651162642146615,0.023565137385265736,0.02035593095775315,0.021260109928437135
4,0.09783704372178768,0.11977052562674166,0.02351038515103839,0.05285138787528661,0.008494664426575049,0.05061664492016457,0.04268931004179349,0.06547178548108185,0.06684529833274612,0.04087346800803286,0.055225445512946086,0.027104061960803102,0.017762520359489165,0.03484126012341576,0.012951541969848157,0.05728407760051582,0.04365705554839414,0.10287777370910717,0.009070680182627112,0.0702650694476052
5,0.06544703719377215,0.08258687870386806,0.023862535725348927,0.013310169181700048,0.0239392688805742,0.08411277669263817,0.0069165515044954115,0.16622192266162347,0.035971137201594276,0.08773690808210075,0.04396039686201716,0.032218804305518246,0.028083871003663118,0.010143678629620774,0.015530950840434866,0.019829842289157757,0.06687066596210244,0.0357311758172524,0.09109565996230995,0.06642976850020788
6,0.1238255763786231,0.08454198135492372,0.045608197648289245,0.04616996570005496,0.04805625613041223,0.03391927432094583,0.03575952337186209,0.03457160860102925,0.0286550088674592,0.04542638669861685,0.1544741788752637,0.027381642881193113,0.009164859529592215,0.01178654428837386,0.02813707334991559,0.06347191814512682,0.07264514507961321,0.033786496917490284,0.0507010118932545,0.02191734996796018
7,0.03508955393985466,0.03486736656905169,0.02100242448775619,0.07520110595548837,0.17563957487134904,0.053465259908963364,0.025640450941926452,0.03160578798483639,0.002861053285529365,0.05087918478866501,0.0789254332131783,0.051669638706238814,0.040065137421323165,0.006906762188604287,0.004278287850017743,0.09601552443828407,0.04398806786427978,0.03284038393395241,0.08093871471510905,0.058120286935591875
8,0.08584139868769118,0.09001319925251416,0.006149556904854005,0.015381909722263816,0.0930653616939223,0.08926140539837496,0.04521135191183911,0.11519897358889429,0.0071121168770474615,0.02282435327928054,0.051244952003243895,0.015879855886804278,0.04508153373511398,0.011694178673036666,0.020675683827248794,0.09573118950887329,0.013501431141130414,0.07024489429073147,0.05498927256838834,0.050897381048747074
9,0.03686394103885952,0.047261165424525624,0.1325173353493081,0.031108655636711592,0.051888739945374025,0.027062848838782502,0.02169760238238725,0.04725325858745796,0.05446263979847117,0.06402897621930527,0.05607674503342288,0.03996418857421389,0.05180981222045159,0.020591493515038656,0.0577584443645714,0.02887566953990117,0.034458352822951115,0.0717012745604734,0.07543379936411052,0.04918505678368237
10,0.02960719601638572,0.09071648479061127,0.004663530820640687,0.09326275484093635,0.03971550003379703,0.02481096802534243,0.03370597968169578,0.045690635875079155,0.037906309832234635,0.02935119209145106,0.16134341479707012,0.094445602316974,0.08295693251173901,0.034829749351489685,0.007784372053262531,0.021086828504836733,0.06939693420831691,0.01476111025119202,0.06870828001060944,0.015256223986335408
11,0.015484651722721579,0.07871575237855942,0.014771084674646943,0.0699563661034729,0.07730098697389476,0.066370844529778,0.052744258059959234,0.08689794910308586,0.08566437737896151,0.04344333773465178,0.054634492191406335,0.018393558138935173,0.0746237543135571,0.11451526419483607,0.039169894646787114,0.023363145318690826,0.028771208553227113,0.02180929584404125,0.015720559580682855,0.01764921855810418
12,0.030184578032249,0.036962899830473066,0.12941128406381394,0.0886048916368911,0.05068367479613024,0.028877355288949597,0.022126400177192772,0.11950295558238898,0.051974905426011256,0.022871156679198326,0.07765739641024669,0.022302155516635263,0.10267136091406592,0.011799591044380614,0.0361855027257662,0.05363044753993314,0.009012427893707379,0.009326401439350747,0.05088054490489636,0.04533407009771945
13,0.027277757377125948,0.06246298721769497,0.1322356554140719,0.039717629829649846,0.07806409133513263,0.019286874566146917,0.05922392266744994,0.029130921569483825,0.0409403290901011,0.04887862105183183,0.046481495820544894,0.013180174239529623,0.03212567117072057,0.046246446902053345,0.06968773467740393,0.06352738686536749,0.06858486817415418,0.039598709928650035,0.025022524758891263,0.058326197343995786
14,0.025607549509338634,0.10864738786201775,0.031345473901502906,0.005194643198288685,0.0044875188301123775,0.10108071460041096,0.017966442010466703,0.09646694001312443,0.010185282152062233,0.03316488372989038,0.020467378434318187,0.12562594732063395,0.0026206271898237313,0.027258214842660538,0.0054625166968877556,0.09258093270615059,0.1158067000796238,0.14484225164144815,0.018563236944702726,0.012625358336535525
15,0.03208612065807898,0.053385319722270536,0.02988049352537629,0.0396870803873643,0.03944081904219081,0.08839559620480461,0.05542511078815985,0.008364397757026125,0.04932102075836224,0.04980277881021187,0.05602783761413538,0.028517995584438592,0.03624475944191652,0.029006086321959054,0.04074481756830556,0.05820959763139607,0.03675851762391674,0.0764968878943441,0.06956054458358289,0.1226442180821595
16,0.1831103697602182,0.1156495075989548,0.0495235552769163,0.01892803812655601,0.016549389382312926,0.07688585920740496,0.01123115819196484,0.04471310118491453,0.012520769764102227,0.00857388341085664,0.06996823709631182,0.01046752394496431,0.041214537410844854,0.008851275827748957,0.005097248031928328,0.14418638207458173,0.12814097590306703,0.02069309573813812,0.013412728634600779,0.020282363433612626
17,0.050400112084580735,0.018554733023868522,0.04146143474525544,0.04643445246581613,0.0415698813207818,0.011120582961402404,0.03203075282896572,0.05468128396614644,0.07926413695723307,0.03207143381199369,0.07703415845614607,0.1264011047033571,0.0011975183364408316,0.06309031084348905,0.04801967680229023,0.047144418266241384,0.08204906224403093,0.08228365579655143,0.027570038889006457,0.037621251496402594
18,0.09208833770536619,0.050311536530540525,0.060993254142256766,0.10901645980593778,0.006643973202251895,0.04651263643849096,0.12056329994915294,0.0022619076809685776,0.0800288602253823,0.001398551408181027,0.015872634253524073,0.12742288477729602,0.029828192498647706,0.03168254349525612,0.07297358906337426,0.03054866848947438,0.04515840502530964,0.001476379694044541,0.014999584044430412,0.060218301570113944
19,0.03165841406929285,0.011639210549957658,0.04824505284377831,0.09013649123971634,0.027493259017395348,0.03234385753605279,0.01873870466941248,0.11948615484483137,0.026171303875355517,0.05844128597839084,0.1291239745626416,0.03054974988102802,0.04765811476696105,0.047248898074779944,0.03415918229592227,0.03155720962460129,0.03496754887630762,0.06899164856953943,0.08274170136938451,0.02864823735465078
20,0.0309536446236666,0.08984435119176587,0.07100857582596709,0.020834246721302345,0.03984481903412083,0.039156470145875,0.12214623114421672,0.048456643366767506,0.0646746431334261,0.031335206681632546,0.046523212902522294,0.03420582768235317,0.03180784318611782,0.052423446182351015,0.008791283966674243,0.02412727015563301,0.054877261825309186,0.11078092899080214,0.022395799943832152,0.05581229329566438
21,0.030445547223404503,0.007719593807528861,0.029822493364774716,0.00764151918367058,0.03141880633441702,0.05079220012569258,0.059261629572391804,0.10903693552292627,0.018215171600796096,0.08736457603765949,0.13802871072513936,0.08248459325491703,0.025467410770077227,0.03407133023810802,0.020838869493627125,0.046669229576626683,0.04481808893353368,0.08942343770373319,0.029187565735602175,0.05729229079537358
22,0.022944283153153302,0.005130571542742514,0.0798445958472356,0.07463934903385064,0.03959389812663835,0.054801609397139385,0.040796048056525605,0.013464382020347946,0.015758559123991097,0.05755802183829265,0.19654963259654354,0.03807666810833333,0.02669910896232566,0.027440917295607194,0.027152476141223694,0.06281340502991019,0.022345369161820578,0.03619563538400532,0.10686382991010036,0.051331639270213066
23,0.017572829665306204,0.018688190012993055,0.09063200316731376,0.03960748677192914,0.020945693656556994,0.03948673649174105,0.09991793417362098,0.07609336449058036,0.011596766998196912,0.04491569607070019,0.06212835991521514,0.06373422026838169,0.016983996203514335,0.06896530888584917,0.01996753658290251,0.08894601950249434,0.05672450114910933,0.04786743325140923,0.012586091984384621,0.10263983075780098
24,0.03299871879886494,0.01036899932336286,0.08308341870967001,0.04737705259546948,0.046249703277619014,0.05658969140994411,0.04111019956635021,0.13274551060587197,0.09845930377777241,0.04275835770227214,0.011052042104188663,0.026406768424460846,0.05083457955040252,0.05337094306282671,0.039330728340929565,0.010797336949961333,0.01898095486804662,0.049939414710901534,0.05080967416963453,0.0967366020514505
25,0.045428394865379106,0.011118305221944225,0.08903122996532166,0.08778269713090954,0.11750626922380866,0.04725814339964934,0.034884156268430944,0.05385484224896818,0.03527879903410161,0.040227501572641405,0.0861592107093749,0.07072188139120912,0.03834940304680648,0.020749655338585176,0.06146671029936708,0.04206455453578254,0.04695902691003523,0.04052554851727618,0.02126692189595004,0.009366748424458586
26,0.050407590595057804,0.03697628667538353,0.019641475763023407,0.026492003673079034,0.09339453488445824,0.08779816010864286,0.04482185107410213,0.06580627167230962,0.04828924317712344,0.09615438180758977,0.11880464699393431,0.024500315922066477,0.003429996142644328,0.04094975133572302,0.03946054918532588,0.029440730999609765,0.04669064546113345,0.052793245946850746,0.02370733289233838,0.05044098568960384
27,0.21125094148558995,0.021401873494125926,0.029048989952883134,0.04776301236654061,0.016889329501194112,0.02111880114256618,0.0164081617930982,0.014694126878294717,0.04551106804276594,0.018316282410374994,0.052022320512488396,0.03239155854248059,0.11564145159464147,0.025991881654825626,0.012337063324499558,0.08416379305077133,0.06447391910647914,0.08245582769871772,0.05047156219674777,0.03764803525091461
28,0.0517499405475108,0.03259053697047616,0.04885322733135404,0.028976380650122598,0.0718979330691402,0.03969044046288923,0.051350966300413095,0.053551677286540825,0.05211003338313656,0.13885557165590875,0.08453413897769062,0.012946494247522856,0.01844036194794949,0.03993241320209419,0.01765524536750567,0.008306560076980146,0.08004126232951261,0.05589931977036627,0.048324551581618864,0.06429294484126702
29,0.019215323316364743,0.03785009773239093,0.04823528135263482,0.034746831928338204,0.048573493594197034,0.009886246484022391,0.024680088583231844,0.04528259376349337,0.030435597577233263,0.3589603887547617,0.0633342842182038,0.04260734115131811,0.014862388516780106,0.026795156736583663,0.011356408321300766,0.015477422100229342,0.03295322294801544,0.06162235015163663,0.031985261616028465,0.04114022115323536
30,0.04935796582342447,0.45017949463945195,0.012209738972748747,0.019402788157532835,0.04813737565171651,0.011837709165532524,0.015054153130803527,0.01983093884898155,0.02630691473128897,0.028123621252007024,0.02928776240323692,0.03499154664759003,0.010136889878673325,0.048074314589920515,0.027639387437037602,0.01674091108916811,0.010874164730399226,0.027219979158063172,0.035153070202508976,0.079441273489914
31,0.022596339502008674,0.03663538153569456,0.01740329838711806,0.01873321931625052,0.04230982773941726,0.00980126099344577,0.025242848597884348,0.05215732531270196,0.017203203858508917,0.2752369766106082,0.057262045114959144,0.029371205665946337,0.02285555468824036,0.015097187328918656,0.03098873595566875,0.005901299155381722,0.04513347459427904,0.19624612610249642,0.06111867607666617,0.018706013463805134
32,0.018437007516464998,0.020048470159241362,0.02730403951118469,0.041214576356236966,0.027049486278570147,0.38816797479789,0.0249202815971749,0.02422827700402212,0.022364957404342384,0.01804559839229368,0.02508910289987562,0.0748140177839766,0.013418227291011286,0.05684329899939185,0.07203140864268041,0.02157297967999231,0.014969609792589225,0.03444865400625688,0.04640452340642922,0.028627508480375354
33,0.012633662206184986,0.017262644317610546,0.014485075877114867,0.014155060519651317,0.1290480033668415,0.0072106840578257635,0.2338374723444338,0.013782837071242022,0.12412867333254908,0.005741775516873659,0.06666555609766395,0.050702937822193365,0.010776123070144396,0.023049776806964302,0.18837341864685472,0.00608077964597783,0.017031809216389696,0.022370695983040808,0.018439414706544408,0.024223599393898964
34,0.011966580671224152,0.017135500688277537,0.011371384268324555,0.10335899940542817,0.027668740047948552,0.01372257357061552,0.13045706828161405,0.08760616818501926,0.025797426673482487,0.04098477295172207,0.0955648224712983,0.056004182678479876,0.008962184436004978,0.05217779749378083,0.02221154802665847,0.02136297579689449,0.07463895730987112,0.07806080641407466,0.06694502269366696,0.054002487935613956
35,0.22494680089536606,0.012428599807295057,0.009326058184222774,0.04617343122725012,0.06241065525488585,0.01434461527249632,0.005505504235016799,0.019304894379870718,0.012318733169697416,0.006075563856149399,0.03141388789957248,0.10904913219246216,0.008210063750592824,0.017026813630903116,0.005222119702373454,0.1336955634149605,0.10406470635116016,0.012651811569577006,0.034569549550675836,0.13126149565547188
36,0.018616304889796396,0.01650699451379996,0.014203213763445455,0.01888188442328159,0.08442500724570061,0.013120095838625436,0.05194175665308478,0.0732102769693703,0.017142022572082923,0.20327314879970823,0.06135843508695128,0.008911517909891663,0.008981488623110292,0.01637481630578934,0.02228824113296891,0.020147563827351878,0.042538507936375126,0.2534317123618916,0.03046534019374447,0.02418167095302972
37,0.0677633212807762,0.009599643713259226,0.012842075584276963,0.017484992671725694,0.05150844661855981,0.009115488644154575,0.0407613640277849,0.0409985654538185,0.03838086471219858,0.060658808087336535,0.09844627802290143,0.048226626707611374,0.094796100527661,0.06610585830340972,0.06049238108521822,0.09893287648447824,0.09700639831283941,0.05149801560543401,0.023313314783296017,0.012068579373259588
38,0.06795191399704274,0.008593301847851311,0.01758602941862754,0.019488034686116516,0.01475483832744387,0.0071028659159669385,0.1663667143967941,0.004486865815354633,0.04003020509909984,0.17002687535015634,0.026252851800575034,0.12046155366966509,0.0021831263279837075,0.07796566255979469,0.05840215902605649,0.03946714337691924,0.035390940872322633,0.025057600464552496,0.032526356901894905,0.06590496014578187
39,0.032157511403027146,0.02957430426187711,0.01407298052349838,0.04492640611571367,0.017355991635874892,0.4149601208628192,0.0536542141779421,0.014970113994543502,0.029998240867069228,0.031118175982711882,0.03680066110001037,0.014863341156927027,0.08074333450399385,0.01453383210603446,0.02032796901615116,0.026564782149727136,0.020717084236487177,0.053157199635104374,0.03011105103208181,0.019392685238405524
40,0.032227188536421814,0.019485371845643373,0.004821391191285862,0.04530861352426038,0.13116459758697116,0.00449843606803308,0.08859097932456085,0.05289826725715411,0.07750508210589134,0.015576380382040251,0.03035512094846218,0.011270083138192206,0.04352462152994401,0.06149443868174917,0.016594472305395354,0.01079572538880401,0.10301230933996174,0.12137739628080324,0.040387591818728925,0.08911193274569698
41,0.01227919448634881,0.06782157331549216,0.0066583624624614,0.02022666800843028,0.0635430565826464,0.02100313963019739,0.03267203319346072,0.06861347582536433,0.029792838283100274,0.11131193855525064,0.04110047845231582,0.04717701447207321,0.022220049022069293,0.015966006984096937,0.029431013654502205,0.0136272768470231,0.00660660916721101,0.07529501743260192,0.2475576513044899,0.06709660232086423
42,0.03252033817083905,0.01069129040130344,0.018188779858505318,0.05638654038375862,0.013282904750925662,0.011726041221094092,0.007173042345979316,0.18263274630434023,0.014898791675773527,0.19351617944080982,0.04733483393984485,0.02533525788481017,0.005735996875037675,0.010765156933512156,0.00504152837101479,0.004152392369420586,0.02057237026434073,0.3092883321491835,0.01981986921317087,0.010937607446335611
43,0.11897632063210667,0.008137423024972154,0.030627348254057718,0.022161229280562206,0.007072922144523251,0.04442246617267001,0.05206628567646328,0.011697009386469661,0.1486839440010445,0.0108177128044607,0.08996491221212895,0.05029963769045827,0.0027171102914804748,0.11525024606824309,0.1386370270247141,0.06879679539456192,0.04626138379983469,0.015727074692906844,0.012895573745208406,0.004787577703133167
44,0.06561148659924111,0.020197117736138637,0.03561168684977473,0.030675261500850617,0.021550920820030583,0.13026158054295306,0.01021128832539665,0.0318548884479023,0.021803467828451262,0.02468403487925848,0.02285990285576261,0.010685277962096163,0.033127325914503646,0.013838433193042335,0.020956010449621407,0.17966896199847515,0.2600857084327178,0.020510085323272347,0.016625029793853212,0.02918153054665794
45,0.0149398562936035,0.0417417096375165,0.011583167612359281,0.014700181711376598,0.08674409953182756,0.006529356823097193,0.022952365899968335,0.20245934839218782,0.0222848081252792,0.051142669428985564,0.039560908800913265,0.0453902766503277,0.08661037160436985,0.008997383232991547,0.005029965020337206,0.034670394877809804,0.03110505501466206,0.18518455686706364,0.056677956755951935,0.031695567719371404
46,0.024282370616235283,0.0074110269773159975,0.01634291401406326,0.07026793746158466,0.03632797974146497,0.02517989852700038,0.04801399232414114,0.03764924871629293,0.02864362884688898,0.1086028275470863,0.06070513604103552,0.0852488564892461,0.011138045590355592,0.05020204579432511,0.09885239559317334,0.04904519824917443,0.1046012957944325,0.05120216073849375,0.04218229469586473,0.044100746241824994
47,0.06822014338454606,0.021414982783851677,0.08213691709241812,0.05781809182180662,0.12029058944438999,0.03979117695409163,0.047014246197342575,0.02995718350238462,0.033170050336358975,0.04747303352853148,0.03982983568926477,0.0880725129260361,0.011622001886200894,0.028595778632754025,0.05630843193728085,0.009397636917989225,0.024642016297949168,0.08026225892716454,0.0547257493687619,0.059257362370876816
48,0.07211331042829418,0.02225935198983425,0.0821570657767844,0.059982516713762604,0.01842556971129832,0.03078722342776225,0.023264794723123653,0.045050002042715094,0.012821629916860866,0.03695930370712394,0.01774018498275815,0.10955272973697952,0.08685138991035483,0.10342597573226615,0.02913747468009691,0.07697283877354869,0.0728234061814179,0.006249035919540648,0.0354701318482818,0.057956063797195825
49,0.12619789862985212,0.00923430545173873,0.06176437863460702,0.026710171126113215,0.03063062259129841,0.07210572668481811,0.05825114644287098,0.02230035815939898,0.04903331178622015,0.04812607414166073,0.039251753842936804,0.04456621221512011,0.010513163543265076,0.09779387910105132,0.09100378876856503,0.007928901469327386,0.030358307026359,0.047124867207623274,0.013644853042472326,0.11346028013470127
50,0.01401554068830556,0.01714180280717594,0.010971242479095608,0.14173494084215513,0.011059595628310144,0.00785316462519192,0.0032443562754163255,0.12212858785974204,0.009157143425745123,0.12663558807456637,0.14422899823107982,0.03185315630980586,0.0015137028891280642,0.14779612467093597,0.007587869561946193,0.005790818558966074,0.028558272180122617,0.14260141915661653,0.012376492191933975,0.013751183543760743
51,0.14481639481950598,0.02370622479797518,0.026773550824032467,0.2302360169960022,0.012507516024883904,0.045221709706351726,0.009470350171135766,0.011569826235114926,0.02665860068418711,0.025711999949904852,0.022886519708876982,0.05627488668208609,0.025460869777204128,0.08498468815112718,0.04041513986217518,0.08732510491437372,0.05853200730813212,0.027167819471737176,0.02547804113493038,0.014802732780262944
52,0.06498044036688888,0.0270787695150545,0.024915392369677568,0.08093428844044862,0.02336150938043072,0.017231103233774185,0.038889030737862665,0.07440531301684566,0.012180190590937721,0.015389806454065203,0.03940338012538412,0.015077607844376532,0.015192584103869637,0.02887007707196883,0.014479189766711056,0.004839330728232817,0.029656372149070416,0.429462616838779,0.02294707061645529,0.020705926649166536
53,0.07953438715893571,0.02456104896463953,0.009104097552141963,0.015700102771308046,0.009464605596164443,0.011217654345493168,0.013916709887036678,0.14247179218400732,0.014903300825207907,0.03620342165199043,0.061942061257726846,0.018329959435041464,0.005213654992745537,0.009886425935196149,0.006289289493311208,0.020785147718498556,0.2321113826985882,0.24688573791786894,0.014230956082615015,0.027248263531482905
54,0.06371164268624308,0.010074149807314765,0.047704364854021686,0.08654020028160588,0.06563777399238506,0.034354573035275074,0.017386451391265604,0.008405805450590748,0.036603427066550794,0.022049129137355766,0.02182068239832778,0.11281018383793288,0.0018791034040701237,0.060187240570681276,0.04872369153560603,0.2639658972861213,0.05405415952863559,0.01595188322767123,0.019668342528275873,0.00847129798006943
55,0.2418758202617154,0.021693133781509742,0.09396887824692997,0.0153118527107703,0.0101875034205126,0.04039951737854904,0.06191177364178184,0.012208743114153214,0.009567841118124854,0.11054103570083157,0.023139090884444404,0.05532247076776684,0.042630929758963806,0.08780407695989897,0.008260975170729367,0.0776960678522836,0.021473388970151764,0.017538082335962314,0.01432974538939905,0.03413907253552137
56,0.02059963207213185,0.01015387515749398,0.004427863115768865,0.1915373332315994,0.05750382891229208,0.0025056850881202374,0.005283578686399109,0.02556335735497086,0.016852515545470858,0.1006766213011336,0.10755844472775557,0.02389021341805026,0.003983825040515434,0.03462001737889978,0.02713125915513558,0.016544512466172997,0.0942856707887554,0.1949546988774861,0.029259041162255788,0.032668026519592254
57,0.04568994500001,0.01819847537658607,0.029164195148887278,0.4432190976544711,0.017206731300452315,0.04026226266452954,0.013710033998215193,0.011003025035229036,0.03938064663710593,0.005922562364289384,0.04911228992127242,0.03553889838821478,0.005809162119924571,0.03901880205464201,0.030629835718108872,0.029458148057481735,0.018749889690522697,0.022203634789704836,0.09568965510126869,0.010032708979083475
58,0.05590023471270058,0.013795319708162487,0.02186151013376924,0.03556004434560181,0.026809747880297947,0.028733317565605307,0.03102546876096121,0.021465388723793024,0.026586683828385093,0.3165172403471605,0.05291515283487478,0.014712757031491126,0.09307101546607309,0.08448254810555901,0.016913205720802103,0.0165671674048436,0.0146500082612857,0.08148549277836437,0.0258644509356311,0.021083245454637956
59,0.02533465419104234,0.017381102452523688,0.04923591496652402,0.021624418313950896,0.04320106526911797,0.06764824421638058,0.03488680700823282,0.033157569687171845,0.055083426947347164,0.018212054612379812,0.028568254226501732,0.015610146881542176,0.0070440011109116525,0.02263000038753141,0.009027782163241531,0.02285975116714924,0.0344703518957086,0.45058002372681666,0.020903440909136525,0.022540989866789297
60,0.052930538061806774,0.016213204514525473,0.052472688276286955,0.13175252129941278,0.028349531134408863,0.05778252456006411,0.12800175168626646,0.07576170075773296,0.05138770381497391,0.015883116271975927,0.03649401954327328,0.0019640736145318345,0.008042155958785732,0.08874129522888309,0.0124008214368754,0.016288934342092536,0.04633697238304848,0.09248710434589576,0.04659989113141416,0.0401094516377455
61,0.06654270303848783,0.03637048455146174,0.1751069012448159,0.0069706467240874545,0.013195816804140401,0.04543606595482931,0.0575204101239671,0.08487150044592741,0.025556692532522116,0.010111677560188418,0.02342071560003882,0.06511712373645866,0.019741403625919304,0.052314650477327154,0.043648655167207256,0.08596449920022538,0.08212380449387445,0.042743841144558495,0.007400988527670968,0.05584141904629191
62,0.08515888475404666,0.0031897201113130582,0.025977613704180908,0.06385901250677754,0.04298197357483113,0.039260779505325125,0.08023052623881106,0.062030768512992156,0.05488089150385307,0.04148787278533127,0.06560500352189222,0.09007072950220064,0.007242967613907731,0.033316230120336035,0.034899371775875924,0.06003036532514336,0.10729755971133,0.04977566195531416,0.009422531953662895,0.04328153532287504
63,0.08825083001843563,0.023378547779624028,0.023412484786950072,0.023730904604727914,0.016696988589396156,0.12117288412140108,0.020913197435849646,0.07083328080957901,0.035650872927342515,0.0446425027768323,0.019924594569873527,0.020118270012215844,0.007850157781185097,0.03589640332505293,0.01494763685687617,0.1201052439957142,0.1260748647029243,0.06926983747297835,0.05718272575194489,0.059947771681096336
64,0.015110321292453608,0.0058369819015835255,0.058411391758277136,0.020060497616118764,0.05657024506100823,0.037398005755183525,0.09308320258965619,0.05564587670037438,0.07729044368004022,0.06389977276689605,0.023286955711524712,0.10534842040154553,0.06276301087048188,0.0295865684427137,0.04029865844231403,0.08346640393916759,0.04791189802003894,0.035517138052855425,0.038569721361241295,0.04994448563652528
65,0.09187275405833419,0.047817561787855734,0.03506754574298856,0.056242067445155725,0.09587646453634252,0.17205230210805375,0.02378938068400984,0.04518357443766817,0.006041935586119322,0.032097931766960866,0.010871675047279794,0.0549210703845506,0.0704975854361765,0.01952919407554588,0.06279046969532533,0.04773694828822051,0.041621991834305413,0.016090940040578462,0.0144639670253225,0.05543464001920636
66,0.033651819639939365,0.027605155716001133,0.010367845908043152,0.055610476431210074,0.04645902974933415,0.001444020917516119,0.08025759676234044,0.06894393688541771,0.10942276463359006,0.054786079768161904,0.0734201087257336,0.019751882659123976,0.029328724362793993,0.0819972048038236,0.05678879913284037,0.02646145243126584,0.0736500918344182,0.10787616561291093,0.01948186266080329,0.022694981364732126
67,0.013236569636181634,0.011051920648629844,0.04663957608662994,0.17025541917505974,0.04632129714153948,0.004899339370473211,0.006874586496027722,0.30591669892815776,0.036652387855224546,0.12774877978945387,0.027875222171391573,0.024079447219335106,0.018088364884391677,0.01218847196133916,0.007150206464491443,0.01878475671675518,0.019215984323424428,0.060588970760809456,0.01689056943213601,0.02554143093854828
68,0.008106104397197724,0.5368954452212871,0.024275737006458065,0.01659876230618649,0.024982658173031875,0.00965205244881932,0.055505825401549386,0.009224859893147887,0.017772158508364378,0.016767018803209206,0.02578996159006349,0.022488853056632653,0.016524393076790326,0.018336941084690632,0.05302521908633834,0.026794793180341087,0.009923245608584976,0.017447468986357986,0.0403844781194137,0.04950402405153546
69,0.07948230789751558,0.012863981362579704,0.16948124360320624,0.10675633862394675,0.005775138897458644,0.093522018935895,0.12652196368053842,0.0042409768689399595,0.03260713758091205,0.011304198554742583,0.01589415228281003,0.07024755430759405,0.005524907620689311,0.03923180119576211,0.010519625638981825,0.10848665476205424,0.009025101378063288,0.019500378585133017,0.024042650141910784,0.054971868081266397
70,0.0670818497326402,0.007325028563943164,0.023330555844188222,0.09651458499506307,0.014071821690770425,0.1055210137590182,0.05016448610609374,0.008342294073309229,0.034924036379030014,0.017705718666225664,0.023067474399120116,0.07624720372455177,0.0025202329832783883,0.27122431215854814,0.056121298484993996,0.08770234788402273,0.025133343826159938,0.01923690129216301,0.0037902844605835753,0.009975210976296445
71,0.08672332529506607,0.029210932852652024,0.0158817765449367,0.0218122058141856,0.050530892124191845,0.01848328733618817,0.034048178408823446,0.03616985190394404,0.010292410561357906,0.033720983481341976,0.019987408787818756,0.024842675175758947,0.314702200659314,0.04588544286581911,0.044208759305484444,0.03534516843316736,0.046701044198139266,0.04752135688991802,0.04524375930889639,0.03868834005299593
72,0.031072194776698824,0.00561847216114348,0.012550729587850269,0.005103576996506644,0.12985106692252915,0.007182608757353725,0.16764118773528805,0.06468617729894115,0.0218635465390343,0.0726632907811634,0.015341828341322647,0.05352226566100185,0.006597902909911504,0.04540720525142619,0.0131949053652169,0.0025787237766878865,0.011644876170066596,0.009374428997329466,0.1638887869319059,0.1602162250386221
73,0.04439390546338128,0.002601205085735495,0.04402295437975167,0.04764258103354945,0.004915107796854791,0.010970544683323405,0.043982103070251875,0.1003878197290182,0.08060867830903451,0.11773644559930126,0.019697247309768243,0.14042942550377843,0.004746754378856279,0.06336954510601212,0.06287667141523637,0.07834575800626936,0.060123422928291856,0.05515530921913872,0.009567655935507987,0.008426865046938688
74,0.017087405549920713,0.029020887791590944,0.01878663359717045,0.014344996306960754,0.06367253120820307,0.009343210436922442,0.011592581265697083,0.23132213587320802,0.03406296676536722,0.028167091645591374,0.019512541134519452,0.015862314347995326,0.007825241412982289,0.013108245300451031,0.011504036093985712,0.007563454077295665,0.013584855955361096,0.2653822840295123,0.17725497032584717,0.011001616881417913
75,0.00896717106669792,0.006819844152263454,0.020700538202538,0.006017226695270643,0.013009762789529592,0.010059869879312774,0.012425169897001556,0.14071130347314648,0.008176981381371311,0.237848115976435,0.08540496396264388,0.013172304559418499,0.013022897881713406,0.005831024503264806,0.0072695454886676945,0.01702843199382625,0.018362642161868,0.3071692542951183,0.04749852278726691,0.020504428852645497
76,0.059730872801503986,0.014869110551860498,0.4321461196714421,0.06734564818258079,0.014930456088817804,0.019024855154067006,0.009436118860898724,0.01721931407276995,0.012974122173256544,0.012720999195645752,0.03174306122216169,0.060331622249268704,0.014215009047957616,0.020695588605551204,0.010399357369656009,0.0075994767689829615,0.011934875643332715,0.062008593760312286,0.02147301792416914,0.09920178065576454
77,0.033805442151606115,0.0164978988623851,0.04367137456748369,0.04823989972610134,0.0377245997595096,0.38239740057134197,0.01768242796500918,0.012130713562823076,0.03349402304425387,0.007823728958116049,0.030909569488774685,0.01433505420266674,0.008126088859347012,0.03952973854404162,0.03514795698768531,0.015089291034792557,0.025098706987543466,0.15245058398493555,0.022091626999611685,0.023753873741971458
78,0.1411780970078226,0.021598353163231075,0.06532310567485901,0.01883096159511965,0.008242932568141757,0.1345956242386845,0.03176426985774484,0.007311739817329708,0.10298537556568135,0.01682381530259908,0.15939739531267139,0.06456232640780062,0.004612118935960468,0.04948990587157769,0.06835552612610055,0.008049346390864489,0.011562905001531518,0.04109378190733129,0.009697049343615196,0.03452536991133317
79,0.043841799483105966,0.007359566541490319,0.026828213287709075,0.06784174117076164,0.0202149993246652,0.12980487569535756,0.0630240261014958,0.018411757681642122,0.036262550838947305,0.006438185975720675,0.06118593550004386,0.26024685358401806,0.012941975924588189,0.06666435287730885,0.02163521280283822,0.02331747481981717,0.09192799195343045,0.004334717716444167,0.0108256657679888,0.026892102952626545
80,0.004267706188308743,0.18105071911834844,0.5662385224489385,0.016731779179702005,0.0455145759766248,0.007382761627611476,0.00755556441500579,0.007825738978404667,0.012606425273329606,0.0034527589317572193,0.03876887555007736,0.01353925647776149,0.015346386266502055,0.01641857511650536,0.012561721529705604,0.01076955624716113,0.003945721047811167,0.0058438677343579035,0.014945426499760658,0.015234061392325984
81,0.0498520574022505,0.018369876236609486,0.013965550990918063,0.011858810924919683,0.02925072701607188,0.020915988118503048,0.03834211059571094,0.0370616663771576,0.05111876316292837,0.014815749247728908,0.1557889599299926,0.016845444207555973,0.009631464556198654,0.022419575692691523,0.035752973600868945,0.12884746660728913,0.2714452219685304,0.011790119228471613,0.04245721278054806,0.0194702613550547
82,0.010270905706185085,0.033626634223109284,0.02496796565663661,0.024428908266739508,0.021472794345385817,0.00789344550049983,0.02344574836614812,0.049420911744240605,0.01357871649557027,0.5031459517652456,0.024138263075824416,0.02758804651867977,0.0437989277875524,0.026761329853811355,0.01039171619608326,0.05552392539440857,0.034824960229616675,0.025497491835790847,0.02696127355739577,0.01226208348107631
83,0.010097558567182984,0.04648432371260345,0.012399326113998115,0.024197678710122454,0.022516857492956087,0.004071887075017783,0.006912662137044177,0.267557223902426,0.1437572730948028,0.10250194403063435,0.11873143849764892,0.006252856315984077,0.014621271852500286,0.007819112782652328,0.014445399704915542,0.02117558746179568,0.009766245841571439,0.14409016367581823,0.014904474283355288,0.0076967147469700105
84,0.007896324571278574,0.04869815241854409,0.4734501215457626,0.033392637922917,0.02025421717011391,0.030659300649662713,0.009985492724810514,0.03929546962161247,0.015925334133519646,0.014711916041979061,0.027559518701101456,0.025833811204702874,0.02497681950922793,0.033514967976274554,0.010809596226159492,0.04374876551320093,0.012911591289765422,0.05353297353218761,0.029693198449050044,0.043149790798129015
85,0.38273065763590397,0.09864745878802497,0.03704445254622303,0.0175150702813627,0.035376077146488855,0.026702324802116158,0.009571020921464904,0.06423658950245124,0.012395778724546584,0.004487385140258341,0.019387928194277714,0.0254962450139494,0.004233184337882832,0.02948518921754712,0.007981098334659731,0.11009823269786237,0.03135752318377865,0.018712281930980394,0.044207046022428274,0.020334455577792766
86,0.040598678531671456,0.012692743242923946,0.014325105107287977,0.01671883076332748,0.027520865903188474,0.048106492709279206,0.03203563120574963,0.07312140659754168,0.0237918369430665,0.49108242625328913,0.029375634389487214,0.009983996348015455,0.04450346113725627,0.025002617840547334,0.022359187100145738,0.015365689257991207,0.009809191987833527,0.030077181388180434,0.02072982610047479,0.012799197192742461
87,0.006195427828312853,0.026542252715422272,0.023795483221932527,0.014844718036791675,0.04785528528001714,0.024723184279759957,0.20223654970931942,0.09109689569902023,0.028439523413591353,0.3154570318987557,0.02815427309406722,0.048777840975218326,0.008277019604876538,0.01312619871327671,0.009521093124715486,0.014705517616421054,0.017150513466147325,0.014152521378486441,0.05721757265776889,0.007731097286098856
88,0.005695059283243063,0.03468071207163777,0.02372451115258094,0.04773977779259932,0.018334237813303445,0.5065612785170552,0.014188904492845648,0.03508223260272193,0.04601065317899767,0.027160380878281144,0.038822370196136026,0.010894041874969744,0.005297565648909767,0.022944232130184827,0.04156648866264279,0.014176116237843745,0.01199535517171685,0.043623781186792596,0.03653159941598554,0.014970701691552016
89,0.15337585628234893,0.012166993116763027,0.3896965263251477,0.0257482911700902,0.0240643967175379,0.0253658264160364,0.013289092632170783,0.008891549698008247,0.013635162079090485,0.010515406318434692,0.02324823275664051,0.02866739070512051,0.007640654074967223,0.009725697362519799,0.023602126219453488,0.04199592680799646,0.03961156578064419,0.10351846660146007,0.024328174378810283,0.020912664556759098
90,0.01402630986026462,0.0354413242689586,0.06250757291970596,0.061597356636660404,0.017789703309545324,0.008801752446085982,0.05368714351462296,0.013461537007671904,0.010792088582729445,0.01838319286000665,0.02131818166083208,0.024019138672659784,0.5011916314148105,0.027338522905423383,0.004116058820262875,0.03463509847195974,0.021982638229712914,0.02554148066136506,0.023352161791360636,0.020017105965361135
91,0.031834193259449736,0.006049996555643088,0.02917413450861131,0.047193677454033744,0.014699281903357073,0.12358063150186281,0.21299190259702427,0.01507611806649486,0.048640902882374305,0.047450678710217895,0.0637083526796631,0.06992503784207736,0.00962398752317596,0.11713771131939166,0.010791071754573956,0.06383988422524467,0.02602826227939834,0.03937908736669121,0.015610397284827979,0.007264690285886695
92,0.0666249319032097,0.4727185236560359,0.029743508460575732,0.03431513020096521,0.024378917095591108,0.018920395487360575,0.017071378673818815,0.01070964410948341,0.03342381818493813,0.03804079425952223,0.028336198278952587,0.011199010295287647,0.016951067881058032,0.024167125591734458,0.014882767213040802,0.058031149085208,0.007853802573923478,0.018751809678563082,0.051903994824425446,0.02197603254630568
93,0.027541328216342777,0.016908056249036123,0.40843090738022386,0.06649570724353503,0.017085850958122043,0.07098268800767814,0.02217578608119182,0.02681261284892322,0.010160402071314847,0.014741777755478727,0.04070170046093875,0.04988568175288314,0.051521269990387954,0.013960124940806971,0.0190186068539626,0.031067795145013167,0.0095727392623237,0.014620637526489861,0.03826502297644732,0.05005130427889999
94,0.02587070485948446,0.008097072345771129,0.1297726781260394,0.11456503287894054,0.014473211800127169,0.020909942682318366,0.03166532155686758,0.008669820141677761,0.016281578212536726,0.007983554368046401,0.01976728572090734,0.027210514493591784,0.01300854710555244,0.023227654407644713,0.008445705698497783,0.05506957505415699,0.007734447871105819,0.4014230798704481,0.015347543194444669,0.050476729611840784
95,0.004739668034810034,0.016996821065086452,0.05290013324946509,0.005123500125084136,0.22777964982640914,0.0024777350697251167,0.016657217370083577,0.12419487671416364,0.01110524032203583,0.29744830987728293,0.07398736655990594,0.007054541337569005,0.010281657889190986,0.0164969261660045,0.012676366077074792,0.01940372009706669,0.03617276616037153,0.04220895893491644,0.012505963789254159,0.00978858133450006
96,0.10281864028824636,0.0065472448766707644,0.02285490082869212,0.13416021388678886,0.006481412742589935,0.041872327678367294,0.0738549204767846,0.0580324287992317,0.048551858817595286,0.020981053026502324,0.010964915405356726,0.0491749495507437,0.006195315768139953,0.20515121084761223,0.013516837991295199,0.056949525607818303,0.0472321422857644,0.04175664509059863,0.011183159635823128,0.041720296395378484
97,0.016337605051101364,0.016099404587497226,0.16857156951194732,0.05494687594484869,0.03936146039665213,0.2258656166192789,0.01593401513269236,0.016110304482525744,0.023023788076625057,0.04044470838853889,0.012421630008235767,0.21180519285260616,0.013086762780358108,0.0550839538585117,0.020482741082963062,0.018944753457433537,0.006622667675157714,0.005408688597669782,0.015302251529638827,0.024146009965717637
