site,A,C,D,E,F,G,H,I,K,L,M,N,P,Q,R,S,T,V,W,Y
-16,0.042465758530762565,0.06511568824612547,0.06862918099490338,0.05361992967218705,0.04339731374524943,0.03651981776376647,0.02600396520435759,0.06188701451968609,0.1010388329938701,0.04404531823814152,0.06895458349661132,0.07508038734177863,0.00043536226689758336,0.042795304222654366,0.04940595128838937,0.03345587040766836,0.02717274645483518,0.03800022727238515,0.051152388560786674,0.0708243587789437
-15,0.013007333321000573,0.02580627546348132,0.019234620701676745,0.012211955689613932,0.05022029264651028,0.0067733261216109545,0.07185398122482027,0.09638201598546373,0.1245295830160561,0.06415806081326167,0.0246667115353718,0.09934080267275323,0.0102527977307878,0.0433377291426119,0.07454780985045452,0.02261529710613545,0.03191739493085365,0.06130899176891216,0.08822148251739381,0.0596135377612301
-14,0.01826297982823196,0.09087731009613308,0.023008653789721785,0.015583141071099418,0.024391079829705863,0.002837348027883517,0.02930488615584707,0.023507952003246617,0.05036732035366955,0.056236005187975134,0.019072119870888672,0.0587045609473295,0.0646187482204043,0.0559139827596881,0.06410711019611681,0.05601786254003445,0.0645843334746425,0.041299772263170935,0.10989009165677192,0.1314147417274388
-13,0.09652153806603976,0.1186949200653904,0.012853961902263351,0.023287198238234743,0.05693489296139391,0.041612948447660135,0.03007838925723137,0.062138158726573474,0.06442280495351728,0.020718876701785703,0.06898967597984147,0.024009465782372008,0.0449127844230985,0.01947151225388524,0.00623837619580444,0.03111883343212872,0.0338402188071039,0.12038485858435152,0.029829419666393762,0.09394116555493036
-12,0.037291660304446715,0.01857650210553545,0.019526706721143663,0.01117846054752809,0.10540352018431244,0.08753699804701423,0.005795689033140747,0.09253198559036446,0.013264940418957278,0.08940415709109825,0.04815911579809814,0.044108095393509884,0.004045948285537114,0.011611452467684464,0.005990466324378325,0.0483086623333389,0.019362182055981756,0.020715026312734062,0.2602821864258527,0.05690624455934335
-11,0.19423583253598706,0.06830889151143099,0.010876827517851649,0.0443946395980736,0.03496423686750687,0.0970394921410892,0.029926558422855937,0.0376900592492736,0.014291009170735162,0.01691249986412844,0.04702308047156188,0.03612878203905293,0.024414151842579803,0.019476944903603133,0.0348553437775126,0.06095957503060943,0.11431051683300684,0.025902969541554858,0.04373122032815775,0.04455736835342829
-10,0.05248602779627255,0.02904762016912575,0.04871523821497237,0.051554471347055125,0.1014839057518966,0.08129366405070365,0.049492776665910114,0.1069392686475498,0.008106263739838282,0.05507531231464019,0.05579642941929544,0.055141020186069034,0.039060845430147456,0.016166425886479242,0.0047655500353092645,0.04316664232746496,0.031443724624023665,0.03859703029895393,0.056687953337447035,0.07497982975684554
-9,0.0359145601064248,0.1180012859065789,0.010184301812291404,0.0562821313534124,0.0171557297220815,0.06652913761871179,0.06495486417938663,0.05930967125364067,0.00459211331711429,0.03288286921875422,0.0249383541297404,0.05353201343395809,0.031074773605949,0.11662572715181801,0.008500139509424545,0.09132136448464054,0.06200833130450646,0.042278133267210936,0.04096789237808707,0.0629466062462684
-8,0.03181804174105482,0.030672745293890438,0.07029528668328018,0.03799493167571881,0.041209649651976,0.051387471934927785,0.011629654789698556,0.03248966738840073,0.05216185974364592,0.04885357879649933,0.1055645278376603,0.024093624338962512,0.07787520776519513,0.038572807272931935,0.05268051743654991,0.04997038432790887,0.05662464752969733,0.04481887929214694,0.0793302852239014,0.061956231275953115
-7,0.031650691065899565,0.03875027397772434,0.014139046710390844,0.049630525012814584,0.09603039175136648,0.08106211172838812,0.05878339361486445,0.04391804092123232,0.010915593093140524,0.04232278560528016,0.04756462678481674,0.10650118235204888,0.06811806801513116,0.050076495545081305,0.017634111812840355,0.01534249843228111,0.09008134676426953,0.011722959579470924,0.0774468074657923,0.04830904976716631
-6,0.035703726501314044,0.029380772434219486,0.06994117272142356,0.03206374199789444,0.021725884869755442,0.05888271106722929,0.07868392321432321,0.11921936544370762,0.08627538720628138,0.050584744470123164,0.07334729905979208,0.034623713417246786,0.09033520053980627,0.028508841855270157,0.040802930631345234,0.02027756689717137,0.01730705220377224,0.02908136366377956,0.025784130687155276,0.05747047111838936
-5,0.05732698029264913,0.03775430826959274,0.06454527125948108,0.02714046634798636,0.09866899806583324,0.019714617980762253,0.01026802592699907,0.019082378535039475,0.13060588344807952,0.04761130997024527,0.0279797687953138,0.06862894955217415,0.04266253298350897,0.037924047284060375,0.052640070767654715,0.07926416078107176,0.04575923206495533,0.023787287635495858,0.04720207588399235,0.0614336341551046
-4,0.03325004506811752,0.05647403844910622,0.11746735882909208,0.03310766985137017,0.04268171220776086,0.027141957012128782,0.02557283792611453,0.05291871399969045,0.07130957726267839,0.030237559644869776,0.06738763208675158,0.018696235458310687,0.02472163187325237,0.06313803901217285,0.08753930308035121,0.04773941655961513,0.015441375864176331,0.09624775883037363,0.04351450395639177,0.04541263302767568
-3,0.08276344288446312,0.031284120115738834,0.02895364651446692,0.006566686806494885,0.009001561492073729,0.11064979945024744,0.02925669992715178,0.08008042655856043,0.00924230617041948,0.05243648877728674,0.030000212903232293,0.05430764832324933,0.006309974139011868,0.015920771422474753,0.015004238809083218,0.14417830488005393,0.1597868111341288,0.10145690399832803,0.013203066769300423,0.019596888924234033
-2,0.06546101998734344,0.053131035158976735,0.07222851628867649,0.043665231514903514,0.04638962403652725,0.05195322652849686,0.09123827503777143,0.09375473813006302,0.05568071401072064,0.05551641393989424,0.051966040849236866,0.030188355153886026,0.02712776222401665,0.04709443394203554,0.04200446941446494,0.02297163222402994,0.057742504752740835,0.019393098725821303,0.031419177859817946,0.041073730220576365
-1,0.17434259416268802,0.041597323749430114,0.025616498990127086,0.013132394441359113,0.04802529693837188,0.06472627949529454,0.018599263187890527,0.02350441852866853,0.014762829199163897,0.013269638577753328,0.05682806867321535,0.01077566800255338,0.057870155720287114,0.029974738891363564,0.006667565484045203,0.15900501558524174,0.10620491879273257,0.10211589505719856,0.01593902107757911,0.01704241544503643
1,0.04378529240295688,0.011266689643726893,0.055626791079629034,0.04074520366229753,0.021721032915898376,0.028606937854457493,0.06550274568311197,0.08019813570167597,0.04529199573677177,0.03559397839880714,0.0228745781752368,0.09826676262123216,0.005032390251518219,0.0809343930818529,0.07501492877980295,0.05238367720859954,0.05045806952835279,0.06097295874505815,0.043974387070756016,0.08174905145825738
2,0.028927538257224487,0.044881063624207934,0.08631149464768761,0.05503931294823938,0.0075214116934368596,0.043753854569561684,0.07879780450794198,0.009258221884181336,0.0925493087841008,0.005416896119551411,0.03741784246169176,0.08247428103444028,0.040406205698455266,0.1169904638894774,0.04515957879969039,0.09150725661521936,0.05530412870972102,0.00420194739158196,0.04512316915832325,0.02895821920526581
3,0.04333823270959987,0.014904448942944494,0.11041911107888316,0.0412720951175098,0.07878661467027517,0.03922991057019379,0.030828809030601863,0.08855671755683113,0.04744090956572866,0.06002412858503745,0.0163587030176218,0.04157994636774205,0.05293790648751924,0.03845055585212922,0.02340546924067665,0.03156635162745276,0.0810342675341092,0.018394573727305668,0.08066003312122669,0.06081121519661145
4,0.03276812792767342,0.005231933921490886,0.01680299206801959,0.0286662259722718,0.037383844344801215,0.04399166810351847,0.058250495769574716,0.026654511910831263,0.08029650291877459,0.1048213006383949,0.07584592736434947,0.06780493492009466,0.05802633991202801,0.09541587297453724,0.02601168964882897,0.02314468617239357,0.07871130849877903,0.02318450571432518,0.07578223511337033,0.0412048961059427
5,0.04940254159645779,0.015527210608379654,0.08649488476502208,0.050270647592619434,0.06110063608336681,0.0498293545864127,0.043242292261980085,0.06519633343446712,0.01351173493015448,0.060891498570890164,0.1398164438714126,0.047552689534390805,0.027662570910018062,0.02012624040253624,0.04088744056683437,0.04008266119338623,0.044687401268165235,0.04752527037424142,0.024046962984183115,0.07214518446508165
6,0.04249799314716622,0.026231177111362164,0.019338076204588068,0.08579037047877702,0.023539582101932403,0.09666676533222107,0.06737667520894634,0.046869098306933504,0.04681139206930575,0.04989952968369491,0.05362646354537298,0.056835587986687475,0.03558733942042805,0.02879084471256574,0.01875538852675328,0.0608169409534084,0.051537831964429764,0.035572038362674044,0.07333073192223234,0.08012617296052048
7,0.024398536820416768,0.03866974805848289,0.05497643106158375,0.10181133647594846,0.09756559705308304,0.047375687906304635,0.03181190052214477,0.060753352306866674,0.024659525226460074,0.04048589952186794,0.05320459429669147,0.05190860595551095,0.03781688250115692,0.062069570690450875,0.014079723770925406,0.0321908416047338,0.03447188340660949,0.019309765796118844,0.01604051640432455,0.1563996006203187
8,0.027751373121173255,0.017680641719297792,0.07736661280603553,0.08403078381884051,0.07671728334138347,0.0385605483694248,0.07089589781050115,0.11366306794553906,0.031121245571539956,0.05137249689542783,0.05677505832352421,0.03157215678400597,0.07858410701309854,0.06762949090254815,0.040646747662745834,0.028658430759318662,0.02092231334902509,0.02706261387890585,0.035839169482366116,0.02314996044529828
9,0.034867876308479887,0.010297358615359508,0.04344389968945584,0.09825684917815908,0.017880440862706813,0.04086040710497482,0.042453930413300235,0.04556273227018009,0.0536470492321027,0.07057574501010352,0.015929956410356258,0.05118670434529063,0.12075639864853566,0.05519110821267675,0.07273489578737471,0.05325340650451522,0.03793902692982132,0.04029145916059492,0.05570294210849598,0.03916781320751606
10,0.04658771071815365,0.05043242113757898,0.04160424970389719,0.055511407072153074,0.06916847153111058,0.03700631731125651,0.06695427940154441,0.057272051717021176,0.07474002964465118,0.0637318741703197,0.0421451103749028,0.016935191567165518,0.02232904273196793,0.03255417801873399,0.02221466459442408,0.010012127133936566,0.09775749625035544,0.050315369093355385,0.10982454310736237,0.03290346472010945
11,0.16421915662144834,0.020926395006009763,0.0225827672211263,0.04482401338619935,0.03368549535754693,0.10078746794618472,0.028872341269848244,0.027123328495883937,0.026825438869137817,0.011239747594831056,0.05133393145491326,0.02011390666291958,0.08860656087836677,0.0423712774541579,0.018659610244069067,0.04736743030793141,0.1168863277589786,0.0733655247837931,0.020871500538306574,0.039337778148347255
12,0.054091593168346594,0.03011764166920699,0.027612776536982943,0.05560357478852851,0.13130012666492932,0.020424524238747584,0.05004168273794552,0.03422209225712666,0.05352011460026476,0.018732162785201883,0.0964250076513153,0.0429715459062857,0.015400895507722124,0.05207379912309218,0.03884856711065885,0.012297674187758626,0.12187289865769772,0.048649646083827394,0.04118154416128954,0.05461213216307182
13,0.01805776720988427,0.05120545255556172,0.026463100794722774,0.01793041457256924,0.060007827756012926,0.017561288924875244,0.018395396849845373,0.09880219319759298,0.05311794670430421,0.3059338258704053,0.052569484278851185,0.02097508126185904,0.02128152823843976,0.027395002179354182,0.01786158139459134,0.031026209370195294,0.031036624849832637,0.04159646920268471,0.042397992790919214,0.04638481199749857
14,0.02839625439914002,0.4053108603681107,0.016302596837373673,0.021970254550996236,0.01758956466569433,0.01660189620011258,0.06875819904928478,0.04811493991426272,0.018591668586814318,0.020082477906771482,0.06003791232954664,0.01776789948294968,0.015619218163628427,0.033178265600938284,0.015144719426374213,0.03745203883658163,0.05024946583304492,0.014423002618525953,0.030262127745177805,0.06414663748467161
15,0.02465044236744251,0.07986803884667652,0.025410443487151928,0.023386965909091968,0.04038504076178264,0.012615775941519462,0.02477246701304024,0.12674114721941887,0.0260155365992735,0.22185484150111506,0.05425328292509009,0.014824340556825725,0.037621945726426666,0.01902845046414296,0.054853922707717495,0.006768037591964933,0.061585653998084876,0.0933448643835888,0.024273277357825602,0.027745524641820174
16,0.00936516790601123,0.021821709880518996,0.021830811370478664,0.03009668086851571,0.06550862157260046,0.3352820494688477,0.04990811620300482,0.019043069154226745,0.02437166951412633,0.016488524833362474,0.06488678557995904,0.043480503762816015,0.031871601982231317,0.018656266735651173,0.04676376730280536,0.04509935671381782,0.023802829423064543,0.0388479733873109,0.05023915970108184,0.04263533463956885
17,0.009838214597835609,0.029184085973857143,0.01819504699819332,0.01937331594178432,0.04509460815910271,0.01762041910170391,0.30293455920494683,0.021983127437789414,0.05716718640558039,0.0357549291364975,0.06389321713023483,0.03584668380525248,0.017649353078253348,0.046634820299190034,0.11850482942419158,0.01286472106108512,0.014029552047688043,0.02817449089361342,0.06621662938146361,0.03904020992173647
18,0.013618415136702727,0.031042252558965224,0.0148515494842161,0.033074909970102005,0.024677808607594595,0.009338459142745014,0.2151336055627783,0.05622593851214637,0.02817452826895735,0.0707219760043433,0.01478519553999981,0.0519640259167215,0.054121679790840725,0.09361205224857504,0.03690575396182441,0.01450241307380264,0.027307580582597968,0.04339475197764068,0.04236552604140687,0.12418157761803934
19,0.2321455047450435,0.029829889302760492,0.01789320914622371,0.015254969312491415,0.01999267055204228,0.012715770160510436,0.028317899443048408,0.011584384287700571,0.021858757762816847,0.013285822300825957,0.04806451542025493,0.14889241091350086,0.03213071387944374,0.05200620305964638,0.021530977241234442,0.10799373100834267,0.06726334485879477,0.035100146858230374,0.030729547564999724,0.053409532182088514
20,0.0773516219307058,0.01548975888303114,0.009531570360943296,0.008778943651117551,0.09209724078616753,0.013145125151668442,0.009859962648771843,0.05588671490931134,0.05400805983592197,0.017092496937841182,0.020246158389089015,0.09789127747700647,0.06013784748075327,0.014213205891269147,0.017352196067440498,0.027735892470823326,0.07038452559644819,0.2611138910128408,0.04816485469744353,0.029518655821405726
21,0.06300581051061467,0.011317285820589416,0.029268894745077236,0.007147606923534507,0.07849910498207056,0.06452820513521376,0.1638230253671665,0.021319239400854523,0.04262402566150037,0.06839211166521462,0.022336705292572603,0.024833558098658292,0.0698661203760699,0.045873411165533055,0.05002360710223781,0.06372662424506473,0.09606396741383956,0.04614926092814715,0.009749469405733058,0.02145196576030765
22,0.07485123101088474,0.03169395077514663,0.037897439355681455,0.07232423949016664,0.02903538177643092,0.0535711910124224,0.09052088431988484,0.004679046027956335,0.08572108498744241,0.02458608255398829,0.006018243553104312,0.09419823017985644,0.006127705097840231,0.1059711630962259,0.07182730269548475,0.02808222227851916,0.057813450319986484,0.007524355777778809,0.04843876836477655,0.06911802732642269
23,0.04240030710154472,0.02311546096086138,0.02507376992411479,0.03406074418952226,0.024276519037794524,0.3160858169566253,0.03240241884517102,0.02984617668794594,0.05569765411656776,0.027495717337320175,0.066638815390369,0.06752110053218909,0.03176864697223095,0.0652993463410057,0.025419081311693674,0.017366530891880134,0.011312836424963304,0.05870060722338706,0.026390507345022976,0.019127942409790242
24,0.07190230817724172,0.02797982442422456,0.016623946252152987,0.04170931707929415,0.15020863994114628,0.003802087847101887,0.07943801828209238,0.06053585716314205,0.05688640482020262,0.029108522372978327,0.036449415631907435,0.010883954566542068,0.02702414822720197,0.04744360065740506,0.016679716278324416,0.038122345194595036,0.0908196583618994,0.056181574412256574,0.028783182968561874,0.1094174773417292
25,0.03681483006652563,0.014541429018074457,0.013517640168680971,0.0242152107620381,0.03652953178501447,0.005623746478494484,0.036244503288885434,0.1068212517141208,0.026230900130733575,0.07934093765241111,0.1383657547201514,0.009235897020272893,0.02333120692179025,0.04441847725620546,0.07240794602044145,0.05218227042199604,0.020486338550757467,0.10705493450579474,0.01961623281865551,0.1330209606989558
26,0.037533289358899984,0.02507983294145645,0.037545684189781256,0.020099762139601463,0.019204253101202343,0.027200086623612472,0.014877952666043937,0.26133301552884114,0.02319579445146277,0.02234989579979824,0.04951024958387802,0.012037186048201443,0.017531705653901875,0.031150089607352407,0.02629699184074314,0.016191324199474666,0.017989292785417308,0.2879694688114104,0.01711703206125876,0.03578709260766195
27,0.0936514123304056,0.012653188978812496,0.016584454532091966,0.010897061184663215,0.021675098341478127,0.035966942197784096,0.081414331886873,0.014653620269335074,0.12920049273199438,0.022446058800790026,0.01158337599359989,0.07207941251695822,0.00946722734562852,0.12069639694152062,0.10568326763058997,0.07216946572091693,0.1157297096276155,0.03563670467919189,0.009509724529150427,0.008302053760600055
28,0.06319710942358575,0.02522277418060993,0.027215616543372092,0.02349683642631277,0.014637404240486637,0.058150591123610075,0.010362851783620905,0.03690355575290033,0.051651015256522936,0.07474795397550425,0.05093994528410775,0.02139758395570782,0.04998999506641441,0.027223036550455243,0.014999864325783424,0.061178882328981214,0.2958829349833142,0.04535320703130577,0.02499983838813382,0.022449003379270728
29,0.0244162956146584,0.010086223133156588,0.043696796370765685,0.031632697199206125,0.019687057857272504,0.02243852816481591,0.026188587384384225,0.2145237174645499,0.03882071177357772,0.05493682359471981,0.10350065151216624,0.03053622143072368,0.06767371168128034,0.030372281745592568,0.009655078240110786,0.06575604338086205,0.03989709478815341,0.04276542837909268,0.08277379116656466,0.0406422591183467
30,0.0844576671086604,0.02509948986571092,0.02327626603640541,0.041328841270581736,0.015529810115053912,0.05876110288362875,0.02657341098598202,0.06362260081038046,0.031733543615664675,0.030300347726757475,0.0480891626849317,0.1093636129483688,0.003926682036752179,0.0855255629060218,0.06054012013878887,0.0587359707978358,0.08099732428184342,0.08872794943385809,0.02375860075497675,0.03965193359779687
31,0.08307152410883882,0.0790647720838549,0.046040481413215206,0.06328056768850122,0.017682828544604325,0.03601030736039778,0.052173847563044884,0.01980387295574496,0.031106713363687206,0.04490627178437995,0.02752416001143564,0.0693132017010468,0.005244762155950759,0.11936348028578853,0.021856258345011308,0.06175033081310935,0.03635536283936413,0.04197550850753888,0.04202118257463448,0.10145456589985093
32,0.05788518477985208,0.017018770617723604,0.08008285967257034,0.10501670383325963,0.018601901040628768,0.040691737172131086,0.045073618049971065,0.020157402028197925,0.012239238053714891,0.036625807066713666,0.05587332617549197,0.10227777043980228,0.12133407721606836,0.036902055345337886,0.01931256109404041,0.053908161561379835,0.05895280747696788,0.02317105258035388,0.02528034191449605,0.06959462388129847
33,0.05492138883000355,0.010609836012086891,0.02629508636796278,0.1016925404966546,0.08207837219406769,0.10642712765199502,0.04166679566397837,0.01689417979134257,0.05444609751821014,0.07158889290617935,0.013134729079019915,0.03853340178689093,0.00730701183325535,0.07467852138970074,0.10651145581718313,0.012240686934747384,0.010697080648190676,0.04384620698043327,0.05142609720024114,0.07500449089785649
34,0.033254591623997284,0.03217761612915061,0.011635224104033387,0.03963502451435059,0.063306862528101,0.003541789016185385,0.014732836183003204,0.14415671319314646,0.012946469851057064,0.15946786474095093,0.07003430655993617,0.046084917553612256,0.002773472380474161,0.1083840872306577,0.02172258994888359,0.008144468461892904,0.10815218196364756,0.08574121722794381,0.017736723366474208,0.01637104342250173
35,0.07915447032453682,0.03750959701797375,0.041158430389155135,0.21503985710145093,0.019118785672397488,0.045721349977527984,0.020534816547134203,0.04336557580725767,0.03799464430785228,0.04726784985832741,0.016090220381351425,0.019950366911778792,0.02298671599359394,0.12126957466738512,0.016889162258455298,0.07190039587977794,0.02847079747121914,0.017804682295350885,0.031984750934972106,0.0657879562025017
36,0.028480485521512732,0.16983756409021972,0.03320271663068814,0.058633990942099985,0.02422456640878135,0.018677246769063332,0.01728417679297629,0.057311881840174474,0.06546152414938085,0.02242713795281177,0.026640882601681414,0.029944089111919564,0.016272203636659585,0.013781067689567284,0.012205293851255152,0.02504560916182669,0.03367179408939228,0.2887748874479372,0.029083423112593317,0.029039458199458818
37,0.072385630883575,0.06605944198445106,0.04519551835822247,0.01385352778597034,0.015743529170262862,0.024500356749931,0.006699050236391868,0.08544450888699202,0.01273745209300976,0.03698048522806977,0.06316519395998729,0.06757005720200797,0.010250058945850644,0.008538216318107542,0.013394438050363215,0.011878923961508626,0.17623060782398495,0.08492656623048186,0.03802557247082556,0.14642086366000615
38,0.0928977795569643,0.03415990852919208,0.040885582412723526,0.1089326053903641,0.10133505642262954,0.030869903238823562,0.045177169814292616,0.033225289271500494,0.043887651777683404,0.012912526941103602,0.06821856756121375,0.0932732405903881,0.00240951308046018,0.06257402816438627,0.04532655700207682,0.07418710014679179,0.06130491140064059,0.012052227351994587,0.02976861943220118,0.006601761914569545
39,0.15982074129130702,0.018720411580515208,0.04393060920142058,0.012435401754719584,0.009073943727467705,0.03485014784161073,0.009538757621719364,0.007346956988833684,0.022826319670395383,0.06667137981793303,0.017676866103231294,0.2391227935238257,0.0820341012798858,0.036121592019308965,0.015322495797946787,0.08318538138448317,0.0458997475627922,0.04673104979932846,0.03436210161097256,0.014329201422302776
40,0.061620315048105424,0.00723593196506804,0.014679447880815657,0.032676252540366345,0.08320877511489028,0.00937757238879086,0.016704987712041583,0.0769880898835905,0.028918480446481917,0.09107031192152387,0.07487512550588643,0.03114449483362085,0.0034896318017649127,0.128290335618633,0.021904461392541062,0.023932503612196586,0.1174078958371204,0.10309767074889313,0.0237996664150977,0.04957804933257141
41,0.013598324028882856,0.04675319160173135,0.02868434797508462,0.2446732705224349,0.02057808328476416,0.031393060734097894,0.0130723487609684,0.00987961920849495,0.2069960263991083,0.011869711278137329,0.020024213228993958,0.013381949639067392,0.015427046442668716,0.03502902194898263,0.1182200619670756,0.030291071909510307,0.023829384755526345,0.029718583446739732,0.06858556163553729,0.01799512123219333
42,0.05762933422883139,0.02485304831691701,0.028632877458136186,0.03562978072488758,0.05234158299109039,0.01562167983326271,0.009738992443904951,0.02339877915753742,0.02438303175556556,0.2803655791945893,0.04520981468518572,0.02199131531099182,0.025578439853441774,0.062052110379647675,0.034496106242635216,0.02508271065002693,0.08122698203706158,0.10048194448000576,0.027548333870052438,0.023737556386228625
43,0.025782947687858892,0.028634816870833763,0.03571732617661408,0.051764255701656256,0.034403228816030695,0.037416907209428286,0.015877656901612847,0.09745946717860253,0.02374472456597776,0.00922583482448363,0.028960154799859836,0.031480393810571536,0.012711928243725265,0.01889012029295265,0.007215315157936431,0.03144537098736205,0.028596403275557195,0.420483687326473,0.03053838423146205,0.029651075941001314
44,0.043349720407723016,0.025573433433457783,0.05972230728377138,0.057525811713571025,0.1125162507335528,0.051559807913163405,0.02739019577917607,0.09465113088680084,0.05095399848189145,0.040201467834554944,0.044020768801809496,0.010293095222324338,0.009250559037964942,0.08272527620228115,0.01821534510211276,0.01953292842467189,0.05780507458074855,0.10862846206408218,0.02898689379623015,0.05709747230011186
45,0.028489550594264106,0.047779282668048366,0.046923551990707586,0.014548351076700947,0.017363945160368398,0.04514264617371006,0.0614603912198452,0.12757080679264754,0.034623237970656834,0.042855495658331515,0.011908621888253413,0.06664141474012858,0.044450586193361855,0.027284044950914937,0.0931225382267784,0.10020765178689313,0.07362548734214915,0.07236458154252727,0.013271633941117958,0.030366180082594774
46,0.05021012626035894,0.021860382027870485,0.06861969872718744,0.0388420049797892,0.06700495853865716,0.05728763262580042,0.028392558043443525,0.04795299243496103,0.03531847891015645,0.04713953683302264,0.03076981627610418,0.06141366557599754,0.01345960138686291,0.06667177914993823,0.05298524531744217,0.06516825103352371,0.0682736809762589,0.033959572794256015,0.05774434378692282,0.08692567432144621
47,0.06326716435872495,0.036511566036252274,0.06309278540301702,0.014504584006207771,0.06490703777222072,0.06229892333578953,0.026630550320496344,0.05792722654625575,0.023971796268197898,0.058912461075750884,0.06735903133258919,0.0750572593419046,0.01013995367964378,0.01982012074605094,0.019564582541784337,0.10245603560296546,0.09156613881679278,0.04427940822774118,0.01753419552553621,0.08019917906207831
48,0.02366560497997041,0.017392764242811942,0.03359305330329698,0.06463428334180935,0.06677101002605923,0.056278822651891984,0.021753558541172804,0.07105562813692318,0.06302239310727538,0.08313518044287224,0.01657543288579408,0.0711726272211633,0.04176269504090485,0.0562036336037226,0.05367027576594904,0.061571750773294284,0.07067472193233526,0.06460250930621607,0.013508349316262548,0.048955705380274515
49,0.04896204837867344,0.049289211824394365,0.04757531424030302,0.02622005779546268,0.03766166707677617,0.13147747644000451,0.042317054638860256,0.007016725493535044,0.0412671463835146,0.02972166649611008,0.037659791113759215,0.04445701035834164,0.06891062682040319,0.0594084079560385,0.15354454953023294,0.03192389786744782,0.05721721520751965,0.012794398121355428,0.02148163148425706,0.05109410277301038
50,0.11110066139430204,0.003468181389461005,0.003694244059026069,0.05591439981832271,0.03839415215537999,0.003001506131211946,0.04366428481908136,0.13849942851062694,0.06888850236587435,0.067601444945316,0.048540761280896634,0.01919538430846348,0.023731860918342024,0.08645046460327092,0.047894603740684015,0.051943720330130436,0.0700316110535105,0.045616479535272834,0.04753226816707823,0.02483604047374848
51,0.024108257952697925,0.03611268603530229,0.03910719232349315,0.022508525115783273,0.023039053957224644,0.1216483881730738,0.02817525683153313,0.2773176592680851,0.03671978740642283,0.13847729285337446,0.04485123241925229,0.03292026587098774,0.0088841762586893,0.017324439492709637,0.021930645248282702,0.012659087136876534,0.02233167222229992,0.03152873886614068,0.04181595219199071,0.018539690375779933
52,0.01747347441679472,0.3898356940645029,0.030951563834011545,0.034426033107724206,0.02745603427691987,0.03356388508159882,0.01641374623670201,0.026287126283893885,0.03713848839550615,0.04914814140912079,0.025270568475661757,0.03095674966018776,0.0162331428797428,0.020494487703070382,0.03571637721152038,0.03413584907643863,0.040433301842029784,0.014999974949890173,0.07577157391704499,0.04329378717763836
53,0.08266007812867596,0.019667062938623053,0.1701680496318871,0.057005022819893426,0.016475061643981662,0.0909718139478185,0.03676087192309878,0.014163058166956047,0.031211599367089355,0.021279850868022088,0.030886144353810305,0.047361980478192935,0.015035955322763594,0.0624994476402918,0.048837833241126574,0.08194629736895673,0.05278975623516157,0.03546035502058413,0.026904373380982245,0.0579153875220841
54,0.0878183049240771,0.007468928411013406,0.02079319398647651,0.17590629816068226,0.022819920437838218,0.07902254255264643,0.04764535845772266,0.004473952997967955,0.07822535049693159,0.02499881764651261,0.05238589386464279,0.021401707480061236,0.0018443238822479218,0.07776658976264622,0.08010891976315218,0.09368973098006718,0.05400683395615298,0.02632219876683298,0.01553352052678009,0.02776761294554771
55,0.01519263613205514,0.04354116404583272,0.055041780762744685,0.05340708758961744,0.11183292960550448,0.05897746825467572,0.033884338050783336,0.020370561159502115,0.029351569333569062,0.028705172197688682,0.01667474194064311,0.0215280571075102,0.2662534072586209,0.039669272325583864,0.025748110846286518,0.03267765990908552,0.05521323966177676,0.02796547419370489,0.018616848146810267,0.04534848147800466
56,0.022928653890124374,0.008622697668270363,0.020428108174534568,0.008933751276584948,0.2069352312252698,0.06584935653469484,0.12808888278486555,0.03228304916786828,0.022674018770846304,0.04737799394655639,0.06576664131672848,0.050062332308126616,0.007490956424572499,0.029057186283385036,0.010724630116108406,0.011915217576168013,0.005237397957068874,0.021411707847016168,0.052419663807010984,0.18179252292419956
57,0.09184484789045408,0.00998036113021477,0.032764921805616146,0.06580962274032913,0.030817921394256636,0.017979285037624117,0.04135697754450755,0.0526818870332748,0.1139983981585864,0.06804148845893597,0.02641348097412612,0.11419199586359627,0.0056066577235449775,0.05783501302861465,0.04054208733138803,0.03511927771671065,0.04453274978985382,0.13080296425381405,0.007874002121087239,0.011806060003464644
58,0.010309640275274274,0.010735731371519829,0.021047661629700492,0.012269343936899395,0.053669166532884234,0.05792485102268799,0.014117039292061475,0.26172009478977576,0.041723739578166184,0.046864943602380735,0.05061679650395153,0.03524979487730575,0.006678917121550571,0.0401714457475311,0.019527439705049124,0.008271063935168558,0.021209110980724984,0.22897391668478415,0.029914804205053738,0.029004498207530125
59,0.01677160757320474,0.024877825644395675,0.011974114994834693,0.012570515624333777,0.028386727393527888,0.012651134482654073,0.015400451319714096,0.123371160628239,0.018901038500289728,0.2909001406264661,0.04899617285721314,0.0206524966311524,0.04791834259937286,0.03570765016987763,0.012440130059076251,0.02384191656582291,0.008827393305765926,0.19182753788172466,0.03399868479575105,0.01998495834658341
60,0.02302387068993433,0.034718374618528065,0.3825434439899934,0.038417121352195036,0.010306590334103955,0.01729638124849415,0.015883701853087802,0.042986939358227186,0.01801601974931954,0.01365050680132721,0.0221671630541304,0.03784649586092605,0.061286215165066035,0.05307453356030231,0.03393504634616352,0.03901769535483545,0.01902657691917833,0.028389501347570862,0.057836603473357937,0.05057721892325842
61,0.011854533488552695,0.0276169468072642,0.02945266745093175,0.05993639972599225,0.009375326016616505,0.2552483335965096,0.019492401054066476,0.1056070064986143,0.028166203975995868,0.016800488023164126,0.045386549380424614,0.02233680414075105,0.00978944357402975,0.03864527013424464,0.032299799029619644,0.02871188969849325,0.07284817197644307,0.11709846409783575,0.05547499907549279,0.013858302254957723
62,0.02408291869583086,0.010280797391415387,0.061573418491729225,0.05233807550122031,0.01994238751815409,0.19959211034527266,0.045831578545231864,0.04495642279940354,0.08081506475760422,0.08659668553491193,0.044527403800091715,0.06524951193503165,0.014444542185696813,0.07679526265672508,0.04372317118473047,0.011818147248165262,0.016456414466137072,0.02962731460002432,0.04986452122549361,0.021484251117129947
63,0.04741311106956067,0.026618496043224846,0.08592930153922143,0.06867042085792542,0.019928982087924485,0.020853687305776542,0.06568903857621858,0.011922049956325741,0.03466479865519853,0.025810360976433785,0.03779709986090311,0.2147116217561232,0.006819563123002638,0.08958858084279812,0.026761875074301642,0.048720773927936584,0.04774950101849218,0.03215862770328047,0.04642021437783042,0.041771895247521694
64,0.012605059382021498,0.40107193091755855,0.023398803896392886,0.10158357245562613,0.08439609479759021,0.01778567701899014,0.0187456834416191,0.014700550303581418,0.020090945953949897,0.02568037230051079,0.030164925070540208,0.034193220369210006,0.009345907011004236,0.020975563928010612,0.018377261718096748,0.025596189707043717,0.055691500553878726,0.022649464875865014,0.03552681813820156,0.02742045816030849
65,0.0316929228274076,0.023525132249013283,0.026071790267607118,0.020627961144447343,0.056339425912910426,0.04346077091374465,0.033368048925558176,0.02771466144755734,0.048516382953969366,0.10091368479829747,0.028307406995185094,0.012190727833471908,0.015603508274031147,0.01768048858087226,0.009984654091153282,0.10577379208474004,0.31232195928568274,0.03823764704837674,0.02761394259338221,0.02005509177259171
66,0.012541794275535716,0.015308819089432596,0.033799536276890765,0.03758560815111656,0.020713716515138373,0.02485365083240364,0.017876679722081353,0.06610879579692973,0.04563229070145107,0.3973624444222778,0.029068630897327724,0.021439623419013936,0.021388569243584205,0.0691996085357279,0.07055566258130963,0.010826480842722166,0.008412479531489023,0.042776183652793336,0.04019097495300671,0.014358450559767741
67,0.012413309167929012,0.013927900671062395,0.022358889642399987,0.03547181968549401,0.04456105319907066,0.012218599193357884,0.028035105941399758,0.339892656432351,0.07439049995278306,0.030742289807371623,0.16917837001473865,0.029880830626094895,0.011830683400209615,0.031781197366443505,0.03592977717762304,0.02386764273506877,0.02056604631495017,0.025237629720127032,0.01355336391369414,0.02416233503783079
68,0.030090706331606938,0.06656879537689005,0.3727447698945201,0.030093821564259438,0.01679559031670804,0.037381544727522836,0.02055867785533089,0.009145759475125229,0.03155412038852122,0.00981219720686518,0.05837401505060723,0.029951644344643574,0.015217016603522015,0.01453334707136946,0.03558767691686865,0.05272580546880473,0.020971431575761826,0.04308617020663445,0.04134664551815684,0.06346026410628132
69,0.28203485229260594,0.034422030628588896,0.02673568040134301,0.02363955967951761,0.035630527616682235,0.02055546319277223,0.04160091894950396,0.13883076938390504,0.04395748407459562,0.022499858024752642,0.01595817556303041,0.010934210247135916,0.03121668972113027,0.010472571573998148,0.028533493054515958,0.023068132477197585,0.12643154112139934,0.03611284884953441,0.01593510282029997,0.031430090327490806
70,0.02708280298599299,0.028849414685057983,0.013088279071698542,0.014709729017375965,0.021969137151337817,0.0186758754766187,0.01825137647395704,0.06275440241578584,0.033740197121528745,0.3265175915989456,0.11855691809802445,0.009212706001707285,0.020015098529503617,0.062324135648868025,0.03522571054339717,0.018498496802352243,0.0354584359559619,0.08887978167691096,0.02210276589992614,0.024087144845049018
71,0.038550584332140064,0.006767440864011324,0.0291422195825117,0.04286129794529914,0.0276574616077766,0.0379541158038238,0.02339509696852921,0.07461416853413601,0.019501080387367985,0.3437346161016492,0.03790175759914737,0.0202891822528606,0.017594256487897773,0.026752285779552198,0.014089838040140397,0.01921491031216487,0.045731232812944535,0.10073350924040272,0.03729427363449237,0.036220671713152165
72,0.03419570383823395,0.022836370664209217,0.01468592101941255,0.037525168395159805,0.03402342031460272,0.3658447085518316,0.03145054581903009,0.021599880746667074,0.023081258669605382,0.04459582974819904,0.08668247452201505,0.04841014721339819,0.011979831598841716,0.053809243788346575,0.057637963910500516,0.013048135683406164,0.014801195098561025,0.03693473067591548,0.02773891000033744,0.01911855974172646
73,0.1251527992511203,0.013309762774806786,0.3390156128814842,0.030566982872141976,0.02056253219009257,0.05214157638716188,0.01843027217163921,0.024383521427856037,0.04358549676276894,0.009168367211579492,0.026348130291747655,0.02911027304009238,0.02447251061626986,0.056470500496169175,0.014361437493500781,0.06034396227527975,0.0348865427078401,0.04219736488275529,0.019730477016723376,0.01576187724897031
74,0.047415707439800975,0.01181903238133776,0.04011118756465932,0.019180865789826997,0.07452680605064238,0.03792455820644276,0.050961064529637945,0.11624412251067832,0.050352728563009375,0.02914506884172473,0.016756976781592606,0.011256049043075292,0.3169577760378036,0.029773497832720444,0.013485696198048548,0.016888517061154164,0.02322157189627163,0.0200577844204598,0.035462827227490445,0.03845816162362292
75,0.10853221547378963,0.011954172857730743,0.014096114912109046,0.039184448412340034,0.019930442870419632,0.1825161154857987,0.10837584096043754,0.02833498318237198,0.015394754216917309,0.06294302315567088,0.0549189391947868,0.1045401325696376,0.014690429948373909,0.10496061039656464,0.013399731053424584,0.0655064990039676,0.02119766770558015,0.013140135149177149,0.011374386074075177,0.005009357376826807
76,0.012473879287495748,0.3230416948246695,0.01266856133352246,0.015252879461139087,0.20744425645654307,0.04995984078995933,0.018490964778214068,0.0247485464548477,0.021607739168664847,0.0253809283140162,0.024701773253911662,0.06679066656336115,0.01779903678399371,0.030066398860142774,0.04243720576884548,0.01706440305650276,0.005960684812823037,0.017311235817671567,0.04090720702061358,0.02589209719306227
77,0.02075230905163747,0.011346944206644336,0.3268777751862664,0.1817438028734273,0.035351372804091216,0.025256469414338376,0.02572371350596693,0.011849799378241495,0.03331218930164412,0.04376757392319162,0.04542481692249155,0.025237846673413854,0.013228273964525528,0.012254549453009078,0.011227534898034044,0.02667937848458753,0.036843394157129665,0.03318201051148508,0.02970311658888218,0.05023712870099229
78,0.013299612860787593,0.07045654385290086,0.13906326846233547,0.33756296089089266,0.013287868058604204,0.06469007069574748,0.03929223330321304,0.014377569306427702,0.019911283386653177,0.021829536771892352,0.033189976068808004,0.03840609964729612,0.013266940244460445,0.018370231372253614,0.013096215764910477,0.029850202980530906,0.007085877508802894,0.033442897440497346,0.03584024111755523,0.04368037026543045
79,0.015112598405100694,0.0197319516559261,0.007110834926137392,0.008673420776644663,0.18780794156291766,0.003706139278646701,0.030979366644757693,0.06814748291662008,0.019297522476453083,0.3764790634201613,0.05540647048735649,0.0276691791185112,0.010987334234340056,0.020488632445502232,0.007669159202305566,0.020563772212642883,0.02772859362506977,0.05469565326259958,0.012093095254564354,0.025651788093742543
80,0.09796537360876363,0.014442895921486712,0.07645274176553904,0.04317734515416801,0.01846715980178464,0.019276366616060067,0.025731072527641008,0.05748773433603961,0.07320943884676147,0.031284293767399586,0.17345466274273194,0.04321200462045886,0.004680287384738646,0.14687417488557913,0.04277858062152394,0.05213499304841071,0.042131424367071464,0.010277040303186026,0.013054674383664295,0.013907735296991236
81,0.028805230891255768,0.010256095691643971,0.17986692028386406,0.05014591738772158,0.033969289014428736,0.12262917894277026,0.05133477735601316,0.012766191096751629,0.01698937532307764,0.029011695434452582,0.030111700118888588,0.2524151325932957,0.009555913799018378,0.045095190976154366,0.025551983261211924,0.04920312327192592,0.01804489544773922,0.012043380432101541,0.013657308873734666,0.008546699803950309
