site,A,C,D,E,F,G,H,I,K,L,M,N,P,Q,R,S,T,V,W,Y
-16,0.02372611692347499,0.06471404218401082,0.04265522837639352,0.05689501075706142,0.033060470295593905,0.03753972410921786,0.024879767801392814,0.05624526779873671,0.10375516463919406,0.049547650518245896,0.07685742688857776,0.10040570264533197,0.000438314956942058,0.05470379688897472,0.061663384512548214,0.03470316220120344,0.021467367567995724,0.03723257451013588,0.040443452922984485,0.07906637350198377
-15,0.01440545387209334,0.024870975373571844,0.023205971855144173,0.009150911215679843,0.03599059156908355,0.002134760408047102,0.0742603317365096,0.10224993672127393,0.116231193432595,0.0647527678895602,0.009438043456562902,0.11348036046592433,0.01289848540475698,0.039178251206924336,0.0906784916356094,0.026999438339032,0.03596414678906397,0.05219107126432025,0.1116924509220695,0.04022636644217775
-14,0.019341603798427268,0.07568767902204412,0.03048526655150357,0.0071792925744098,0.012512354289663257,0.0012554877955302788,0.02054190373831117,0.022276643445866044,0.04009993933773052,0.04748453650833701,0.02548622363482965,0.0669928801617925,0.06366766595091823,0.06180535276300311,0.06489873785221371,0.030954480576380238,0.05549413195341342,0.02280907297564478,0.16719255740200367,0.16383418966797764
-13,0.08794453809283252,0.13822183951754666,0.0054684837062289205,0.009765305980016624,0.066866181053195,0.04035447920351906,0.021660677194652797,0.06780423133548863,0.06637567622405434,0.033455327842896496,0.08307877640469366,0.022084933958297918,0.05960464883459781,0.017673990095337103,0.001545143168548367,0.03556099689638185,0.008521527314885497,0.1110552741695002,0.02004286928468696,0.1029150997226396
-12,0.02731637004185572,0.022531649955085782,0.02662059815791927,0.008940311104414787,0.1120435495284686,0.08999668610009108,0.0029696714672752212,0.0846355985543561,0.01683143336882933,0.06511343756364568,0.023804608779779704,0.06354568766374269,0.0023987719049342127,0.016180946277566367,0.0024070508883743194,0.05996733412455125,0.019449135770656743,0.007877770026607899,0.2708072430114737,0.07656214571037152
-11,0.22563505956008706,0.04616742160689665,0.014210534950678247,0.06877603149998197,0.049225622250174884,0.11703839571753688,0.009600448707763005,0.04907980491382627,0.009060707219105684,0.028292258685454968,0.02227860082483396,0.014635163578941809,0.039284902537275186,0.031408614160138563,0.05059879351170265,0.058147786662426135,0.10334283227755554,0.023215535793741502,0.026932236442194567,0.01306924909968447
-10,0.03938846366308192,0.019360713304199226,0.03606196722365044,0.025220912613684032,0.09165845501211464,0.09811902307014286,0.024709592430011702,0.13602528341765435,0.0024113105887375364,0.04743530365628458,0.08364375629947629,0.05299583825657778,0.030825198462472708,0.012940742350347085,0.005787561985804782,0.05354271932414746,0.02504909563484791,0.058125143924567337,0.08544427986554197,0.07125463891665539
-9,0.04733154402304903,0.07438123515663601,0.009377851588219122,0.06284613095244174,0.007272121587616642,0.06792739999000183,0.06974155601770132,0.057812028513271815,0.004738215317816968,0.03501032438428465,0.010646547166394878,0.04899887743796005,0.02407501375754708,0.11350120447824155,0.005567654922344879,0.09096996277121466,0.06859021094566513,0.03622204509559824,0.06545868140103926,0.0995313944929552
-8,0.025507197363937542,0.04750617352700822,0.08683535624560702,0.040856203047082484,0.0506206755894609,0.05616153977730968,0.0062551946335080615,0.008601302309515306,0.02726206422172704,0.05631094014562028,0.1428329170717251,0.01017848673783658,0.08699311662841291,0.05142619023501238,0.03442233485779389,0.05171900061675937,0.027253381024674145,0.035401791038397724,0.09293955382051663,0.0609165811080947
-7,0.01389410217612263,0.058289797646848364,0.006011634386488956,0.057633401060919326,0.1144958696918591,0.050896681174185984,0.054022869217269266,0.039902785213850746,0.008255934867264567,0.037509912993499935,0.050250734779570316,0.08746832730550905,0.059928557070895776,0.08859161887892468,0.014244716305050625,0.017229736640776663,0.08972413962663052,0.00635761249044615,0.0808158850100616,0.06447568346382576
-6,0.041012011256841216,0.022767234285613308,0.08109486641281317,0.02783434798990597,0.026388490817514945,0.08316610967781295,0.09330504012450068,0.10392188576978607,0.08881958813175049,0.056938726233866026,0.061273666902629774,0.017050326893524027,0.08196043699806188,0.03580461791330509,0.045508705701473987,0.016477764944106896,0.01299553270685901,0.019582514312590463,0.019646387808323715,0.06445174511872029
-5,0.02781587209176107,0.04301024070507167,0.06645083949527138,0.018430269862474282,0.12267923440393948,0.017426723739644892,0.004427542754863957,0.008362017863507371,0.16931291300092366,0.055549829918321976,0.019210974430317947,0.02252421264256121,0.04188504997483999,0.06138806587257,0.044119555716949116,0.09260570109053896,0.05671947668229973,0.01768930074371312,0.053556046962741036,0.056836132047689225
-4,0.040807498713302685,0.045040998925978334,0.12856959269864954,0.03383178044734059,0.040750485561182666,0.03718082801091853,0.01609299374780633,0.05153293454159885,0.08346476843557414,0.028202755817787924,0.08665989387864176,0.02142258105034876,0.014083643938876724,0.04755004502993604,0.08566350718313112,0.04151031826992585,0.016386833801357487,0.08500359679823752,0.05553703728904826,0.040707905860356934
-3,0.016300308119297075,0.02406077439890841,0.02974978440653473,0.005773651950755446,0.006239923618209376,0.15735867330413922,0.03103237893311689,0.11959983982793695,0.005339290405773735,0.06577094426692638,0.019220928055550462,0.06661731507434436,0.006845982515030968,0.01997736238145316,0.025081221597113467,0.1359451785107668,0.13156510697721832,0.1008136921887663,0.012115065058665928,0.02059257840949206
-2,0.08037225338157783,0.04758209963410543,0.06893589739579195,0.05364904571145912,0.04499634617275045,0.05139880087675973,0.10028068793866636,0.11789134388969452,0.039034395182601336,0.03085308239954519,0.0653871051975664,0.045349043597397436,0.024462508253796283,0.04343538745702623,0.04154948695432417,0.025670968668689512,0.057033550969969725,0.028505348120745438,0.017165859085071174,0.01644678911246175
-1,0.1801223970800383,0.03539477498630946,0.02187648403090934,0.008596271429267659,0.045111909314153424,0.04583153943171935,0.017308838324486722,0.022589483294873144,0.015753176288739824,0.017581550156148987,0.08659247443779833,0.007428338114906655,0.01565435765288557,0.011767954623856491,0.0038653452245507054,0.11948036181685916,0.1297631422923445,0.1847297733354954,0.014147923011448663,0.01640390515320833
1,0.05988272269551461,0.00600568702762557,0.043887665689118935,0.06157185280464305,0.0044051973811046015,0.028336388079920137,0.0625485880054398,0.052194796937585865,0.05164599835405216,0.04045147659645778,0.02227038689236729,0.14500032855218195,0.001317466440566554,0.08957471630350712,0.07926021316296637,0.04020892778803753,0.04980774696618815,0.057872894943781214,0.0276771634307313,0.07607978194821001
2,0.019888197095342633,0.06109797432609412,0.11939963225869388,0.06777278041978582,0.006492558668994818,0.04831216179415749,0.09217429403301118,0.009449450884776346,0.0782547152234097,0.004148436324575653,0.034751222401402666,0.059642975296731925,0.038696738742322635,0.17768196065790884,0.05022162872225212,0.07402953648098408,0.04067787001437287,0.004883621407878087,0.008320655753880923,0.004103589493424211
3,0.05706072609115712,0.004101786629750464,0.12405985607093108,0.036401998454135484,0.061374143293633235,0.05266699898974565,0.007204328088154791,0.10192059367807084,0.03679451062020477,0.06614223539219362,0.009751674700311744,0.013530847451950934,0.053605960371938224,0.05074124741045165,0.0255338638667491,0.013395338333100451,0.10059305880811976,0.018109087705930983,0.08787516476468464,0.07913657927878548
4,0.03147491455807413,0.004771940332745292,0.02331710700461421,0.028648561648912326,0.01636395990442005,0.04737978749583966,0.03993531424270568,0.030830902663691363,0.10776774978213484,0.11056161295490274,0.0821397907809719,0.06522335606227359,0.05867069189835584,0.1233804726401284,0.027194247172316072,0.020900402161861068,0.07919565258945976,0.004880115113096578,0.07096144667439765,0.026401974319098867
5,0.0695380514236769,0.010934195128721073,0.0952653309468362,0.030311013053365907,0.07423339544570033,0.052457510977109566,0.056326495984614325,0.05269932828017705,0.013372842389035423,0.06876905238714083,0.09978455080782044,0.03967125479431646,0.04166557172004108,0.022573606871079212,0.03361823926622738,0.0428267415934878,0.04139895188340347,0.05173884311339449,0.02046399401537903,0.08235102991847304
6,0.025402343119549264,0.031375415776360965,0.026133544619688347,0.06364660200831948,0.02390865427928053,0.14111109666259156,0.08363325974063768,0.044837974094950224,0.036347916581221884,0.044502506060736496,0.05338737626442423,0.07085217180676685,0.05716935305070558,0.0243915909660302,0.008074332955223279,0.0472433343560847,0.06257871533878374,0.03691221869659753,0.10932704444768013,0.00916454917436735
7,0.03522630487944565,0.048682302735350784,0.051580152327488575,0.09827528100566772,0.05899807341844353,0.043775851861644836,0.03581220362745882,0.044220250776139065,0.021852737496221842,0.05051945095125245,0.024510350582912288,0.08447690914857281,0.04578580913566056,0.05711158016730645,0.014691938923330018,0.043777198487484494,0.0459289093857087,0.011140584428023893,0.010062122760130174,0.17357198790175735
8,0.03178837658233388,0.026313970929186938,0.06945328986456431,0.10171158406863193,0.0756036454179629,0.03849750402901503,0.05360828514221238,0.13708719854703127,0.034335020795809544,0.044823486491676334,0.05256324163473477,0.030661749924058138,0.051915986500035816,0.07433319776210186,0.05283391697805705,0.026948955284787197,0.0222209332297447,0.01452877390032616,0.03663986724394555,0.024131015673784274
9,0.033692089487285554,0.007775589307083556,0.04704063245323038,0.1276026571946128,0.02519390546022244,0.036133716378993694,0.02117781029638673,0.04775125337220986,0.038160521814174765,0.07188930643532862,0.023833666118801663,0.04788260573745182,0.12570507728791178,0.08614617809208995,0.06779999584694144,0.05569168927158187,0.03583906043021486,0.05970878081656353,0.024151771989059483,0.01682369220985519
10,0.04327486254451115,0.04965746427597495,0.0423438780899018,0.05544238615553236,0.0829099737505093,0.03860404532767011,0.0686456446764756,0.07699163545361777,0.09564776992982824,0.07170172092095405,0.025513539207070703,0.01911407747402876,0.013419040762684407,0.03986581759654876,0.007370898010257755,0.008590760650353543,0.13119238086857118,0.05302240430515808,0.04042431551091254,0.036267384489438906
11,0.16848318912889432,0.019806186351407875,0.025798939947910715,0.04793440310525485,0.0327044767990907,0.1407344203358633,0.0238720354173394,0.01936225591704601,0.01923613817403091,0.011499750987501544,0.05580083881314318,0.0209139218901007,0.07755912986037518,0.032429571873186576,0.01936580918206656,0.0645617458516181,0.09728933282731762,0.06892321438176435,0.023003377067904673,0.030721262088183376
12,0.06764455663232599,0.03007813266090693,0.02023535351028892,0.041932916613089434,0.1425241583058103,0.022532615767982076,0.05032197790644055,0.012531959610005108,0.049499954569529485,0.020841753546339967,0.1217756329018304,0.04482971539744198,0.011315288761013386,0.04855625371600437,0.028052575380453974,0.007734247662149018,0.153942931726806,0.04413944309830765,0.03815927755407217,0.043351254679202283
13,0.0188629445512326,0.048969018509164776,0.027450063360856626,0.02013311518873275,0.04711739736036103,0.010354521691125834,0.0195959737996554,0.06755853726463591,0.04066698918746176,0.3707842209268257,0.04591089134393172,0.023084546186583163,0.022543973619103232,0.0344003268570505,0.025257185714912152,0.04265797955415425,0.023612876203584952,0.03175727602287573,0.04361156494658041,0.03567059771117139
14,0.04921852920521901,0.4625140862692216,0.016491827319576446,0.023327405029519167,0.019089635050672373,0.004500692016409906,0.016377448069284394,0.08009231245023103,0.019476580367444245,0.013032040000211529,0.04397972429285879,0.01937874373390373,0.010954221981023523,0.025147817272901857,0.007531833770829061,0.03466764182866135,0.03808871613455326,0.01641509240001729,0.034044043992303034,0.06567160881515834
15,0.027933898807152788,0.14129051247456229,0.02726881146926597,0.020666348305078016,0.04813617148432312,0.013099999610730441,0.01791984637533509,0.09586653380142998,0.015427952507734053,0.23499190597475764,0.04872655274818708,0.014036680710759315,0.01222479486909126,0.020469571237204484,0.07614372849010004,0.00704504980187763,0.01966099044504833,0.1127373972994562,0.027274937383639796,0.01907831620426652
16,0.006355226889507317,0.02087006313540335,0.021200997906581438,0.0296585335227629,0.10309648303698962,0.32784513604350285,0.040007219621315315,0.017662515599906517,0.0234030967259471,0.010037713254562859,0.03303507117336451,0.04560356063831386,0.048854817876760735,0.017850355050981304,0.06237578970019954,0.016088769419325438,0.03615841965692439,0.04422909685396402,0.051949346259415004,0.04371778763427195
17,0.010709370102944104,0.04072107855286422,0.01608293159225602,0.01905789426223651,0.025366549330716383,0.02512966722608437,0.35450355349428536,0.01648904037208141,0.019760490880193327,0.007401426533506031,0.055884539463644856,0.038431211582365885,0.025003358039874798,0.04785977773004229,0.13057864358861726,0.018314425262358814,0.006691212171511475,0.021871036102340258,0.06897841467121182,0.051165379040864836
18,0.014812737851570253,0.033477857401599184,0.016173387136929427,0.02466312576548822,0.025676471825473512,0.010162539268908177,0.2496707001786781,0.044238529085040015,0.027474286117698414,0.04728341414335259,0.015617130509110524,0.04846235939300602,0.03931152270172755,0.09910596009011136,0.02902388036454215,0.020637653553871663,0.024771320519575285,0.013321388462205206,0.041057150712793374,0.175058584918319
19,0.2255350110112027,0.03245057363944704,0.00866735483334333,0.011389412913047044,0.009222881972548742,0.01486005185731891,0.04940797722339296,0.010546266955279434,0.0128140195437018,0.004765760963716465,0.06821889858036646,0.20028204205977346,0.007137556628571015,0.016100063366491075,0.019792755910880488,0.06467656434978045,0.09798619929907997,0.05768505325616781,0.03029307495607632,0.058168480679814526
20,0.09142311055370493,0.012936516219052731,0.008625707354673023,0.007748469950426342,0.05804725538304103,0.019580138234684887,0.008259344481482573,0.05940714307354241,0.0663638413599926,0.023310541366638474,0.017652248056736864,0.1542493346368174,0.036829051102374034,0.012557214813675308,0.011577098799319755,0.029068481630735013,0.02246358581357421,0.24015041684333335,0.07297054099942296,0.046779959326772085
21,0.05682904702952474,0.009334560371583223,0.034091427012372465,0.006915055124603376,0.04888843962439295,0.07842740119405886,0.15951323075520127,0.0038401978500814463,0.03305953633117069,0.07517751461476642,0.016606539544381276,0.008955009691576973,0.07570145191958501,0.047022772822806966,0.06648336730943487,0.08745239097167204,0.10400385182366774,0.062403823333954174,0.009488813942261292,0.01580556873290417
22,0.02909086618799522,0.01318550496693332,0.05358410108768597,0.034347737282739405,0.016625652613743408,0.07122679069425808,0.11013377047239788,0.0037602581331927783,0.10744117910517977,0.02256970037388697,0.005121776317358861,0.08966894348195822,0.005130079274989785,0.14536280584129893,0.02981333890695017,0.03748409876948275,0.06537516757200072,0.009235354764759795,0.04683056279817055,0.1040123113550174
23,0.03285499681003961,0.017937393825026602,0.013296701899328335,0.0341237015231287,0.02819306791616487,0.2489554203336333,0.0185912763870456,0.026270378127166243,0.05150597374975903,0.03844215306166991,0.10013530660037606,0.111560738395302,0.013031834388094887,0.10964592751324144,0.02334910710136613,0.004779264403318957,0.005496059557345239,0.07774009791060492,0.02201129463313793,0.02207930586425024
24,0.05934017371409628,0.04444537765856646,0.011786180587397044,0.025181113641133943,0.12879740724658542,0.004934217478523386,0.08660474325882511,0.09334186947620507,0.024417001149743118,0.041110229147793984,0.05526131040485169,0.01093281111468045,0.04069746044221402,0.03267223510088285,0.00882286712700367,0.03894621162328507,0.11977754891043915,0.06916247416784944,0.007205558439661731,0.09656320931026216
25,0.020498874250981184,0.006790451067704289,0.01537123492105091,0.01981300259872789,0.03400042983862291,0.003943324923013394,0.033765744072881736,0.10499330047270136,0.020254805635066132,0.07778749633168684,0.14128740225446973,0.012855770044402588,0.011686669141726478,0.022983303900372717,0.08937296058815812,0.0627122388884261,0.01911317199932094,0.12457353010656452,0.019395505646191972,0.1588007833179302
26,0.03768262593156793,0.011122433109506507,0.04243739354703422,0.010844285897835156,0.010513440991850618,0.023997533260541885,0.01228004950046742,0.3235135837707885,0.02075754500783894,0.007103393384033966,0.07830888780082915,0.009972759438755094,0.015941921042849267,0.04034853529645153,0.031579184808113954,0.01306190641739144,0.02954678256383525,0.2492248814793822,0.01672239000199765,0.01504046674892933
27,0.05905150502506135,0.007522422633376113,0.014490549305808224,0.009048857718160169,0.035404758934508236,0.029115898793410543,0.0896380339797093,0.020334823284899526,0.12699506845450848,0.026764942872106377,0.00986663947174072,0.08523200672968778,0.003003185202274857,0.1312427130000931,0.10383874482580976,0.08490359218645414,0.09882233037286513,0.0537271345108484,0.005933139793816968,0.005063652904860816
28,0.04073839546563952,0.03845092139111507,0.019104237578484617,0.032121603580260435,0.014921531402566846,0.0818684900811313,0.010187526004094172,0.040848884304023496,0.05038848244153565,0.04080019199796834,0.05101960973714715,0.01509107665233401,0.055570145457451904,0.017820836632393432,0.004610852327771396,0.06798550726216525,0.3232944083509316,0.04974657425273562,0.027852988799868184,0.017577736280382016
29,0.014023342591415031,0.010569170123313366,0.07000688297515216,0.02182411491158569,0.011252198943852487,0.017984853968115538,0.01935150221345696,0.24300562675354676,0.03864063739433425,0.05877721665783672,0.14651959608540271,0.03199231592411322,0.07743787158929716,0.02101185911194476,0.007460932412857872,0.0478722213775199,0.041379813179699916,0.01376870695734078,0.0941994479826737,0.012921688846541048
30,0.07599969866119405,0.033108134495716514,0.018022235835086768,0.05348221128534248,0.008989175297274716,0.06263389045803207,0.011001976495549756,0.04050853268482848,0.003980007288997243,0.01911112148461957,0.06469252327377467,0.13238499654376595,0.002342779166490636,0.08388729169124269,0.0604448199671262,0.05838579159613962,0.06679037707312879,0.11684435783830735,0.036660272365132716,0.05072980649824973
31,0.07347859923012026,0.09854901925797603,0.053173002776329185,0.0931493452459466,0.011389834213749228,0.03129411306838973,0.07293182728067413,0.014557783566075512,0.027220365047589932,0.0461011184168692,0.02533809169069681,0.06306955653792604,0.0016922571442958328,0.06126277938137676,0.023638007416116085,0.10674083127574104,0.020054738790200314,0.03181051455276028,0.022690885115298903,0.12185732999186813
32,0.06795070231548123,0.01574234916952335,0.08908918774761711,0.11981180742165455,0.02008219800480005,0.03488184534812834,0.06133534288154535,0.02023207285877054,0.008830009558196924,0.02941928517489787,0.05734334315956165,0.11130112093942757,0.1139013916939405,0.011301271736884921,0.018579097626201902,0.04515883302895535,0.08004805479111783,0.021020639313147082,0.011022946276204912,0.06294850095394297
33,0.05540774205499505,0.009133789420842106,0.029626727512504426,0.07600176996242894,0.05529514912213699,0.1330892529371334,0.03144999143242276,0.022558928809217255,0.050429081815508085,0.0911683557053846,0.008955220062594799,0.0459812603040122,0.00535732941030405,0.08243097364121363,0.0765644169510681,0.011353875227054496,0.010185484253867972,0.0589033869973453,0.08069143781072527,0.0654158265692406
34,0.060236547396907265,0.029570054955095293,0.016062773155938747,0.01713332195696125,0.08647175247687786,0.0036065334221039047,0.0050982947572175705,0.1629863466425581,0.01350235357145273,0.12563959688029372,0.06454019925419192,0.04185112023447465,0.003967436353862703,0.11582508824193635,0.037194307613908496,0.010797950731194222,0.1138783548810745,0.06618107001544801,0.01765847888680904,0.007798418571693682
35,0.05179566317205495,0.027837537552727932,0.033594407008710886,0.21158866759127432,0.006650228254546792,0.05854313522175177,0.018813209015201456,0.048811715796457364,0.04523534017727238,0.0464537331607004,0.014408824563552615,0.01816860513210014,0.0239649934149554,0.15374793762803196,0.02589891990593951,0.06827909886439874,0.029583531045878374,0.004755348278588173,0.03631828962923463,0.07555081458662219
36,0.019859952062768176,0.015183860642593378,0.013361840181527165,0.07341523800906079,0.02675843643888498,0.02256791710940271,0.008892413424540878,0.08401940373329317,0.08795397585715001,0.02743880565101006,0.0261692465849409,0.029355212679639968,0.02132069238105066,0.013469590048493688,0.0191080929311524,0.032554667190955615,0.048015324835385266,0.3648496763662588,0.0322407567228722,0.03346489714901918
37,0.10851980351186366,0.017214963771389927,0.045154295128709374,0.007014961439452704,0.021871521556686552,0.03701177411265046,0.006175821788080204,0.116785160739363,0.017998253536370492,0.04504436712805947,0.022046535590104714,0.03505129120734169,0.014979934710033787,0.005662114137041093,0.02313354563236556,0.009874728938022168,0.23405969971941945,0.08858888694219734,0.0663824129388322,0.07742992747201616
38,0.09502234802256533,0.01835531383825332,0.04878759542757944,0.09698562997861493,0.07513122832400593,0.0364670063367234,0.07423653348929304,0.0616324081719259,0.06741168688687707,0.006996512375499854,0.06609399132606689,0.11162230179291613,0.0027571930382804125,0.056578943548021024,0.03741490354722213,0.06148284849604665,0.054961411681002284,0.0041818678748547205,0.017764046157636847,0.0061162296866147
39,0.13921960804333375,0.025694810932855236,0.052355288710726484,0.011364258717069491,0.009301424724128106,0.02517821560773276,0.007885274120933873,0.006323577345424376,0.010161777147353016,0.049770089400015496,0.014776839169785776,0.36362028363730414,0.057722041616483324,0.051089300417769185,0.018169220319531252,0.04999569268616085,0.013946409629149632,0.060541794115573776,0.019802666050377088,0.013081427608292388
40,0.035573224521639336,0.008112039523664806,0.01683188436570227,0.04054918951302002,0.10960966195706316,0.014124162131860919,0.016273498182695342,0.0866024988491786,0.032291259125675036,0.09736545851933627,0.09559178460378162,0.01173870317241162,0.001344170469106849,0.15956069726752756,0.01201220189959103,0.01894363707870856,0.09291491500997877,0.08038474776436548,0.03337486426309315,0.03680140178159957
41,0.010423252104281508,0.012863025266209863,0.014265213290677262,0.1871242514224276,0.017434525247506417,0.023426201414199738,0.0106290623433135,0.00836287375296532,0.27378369571698874,0.0148114927669601,0.01676445567152109,0.0062292025881713455,0.002568740474576028,0.04750656779029573,0.23034356280853396,0.036303643843662935,0.028553186161948487,0.03229827100507158,0.01727435474577746,0.009034421584911393
42,0.053597194024352805,0.02491026447668316,0.030595798910160694,0.03550525204210369,0.02789404587506635,0.015421264364573431,0.009099027163820923,0.015640786024450074,0.02600300779915799,0.2963453753226836,0.04507530695286855,0.02164704468536435,0.025045252214829467,0.0818558812313774,0.04323377909381815,0.008327338025466972,0.08265946835151379,0.1064163141192144,0.027298881862789236,0.02342871745970496
43,0.019398097921561826,0.02098433745224655,0.02139628431807601,0.059901563163504964,0.035142342768184974,0.03925421360599163,0.016038936221993916,0.1029546738385344,0.022601036639431662,0.011756924653655413,0.027905946448238742,0.012979661788532257,0.0165676731957721,0.019378334425777646,0.007167085756399011,0.047706426001038416,0.015746768356386626,0.4570801229908743,0.030893391109202775,0.01514617934459684
44,0.06002737632781412,0.03495739995406297,0.10541905916373304,0.06160426221040745,0.041178784504271065,0.04177140610511675,0.029036098511385583,0.09996345322156484,0.0525754309303279,0.03499634197670295,0.04000523854792479,0.011456927795363723,0.008407669335969509,0.09956186990996266,0.02982892805183277,0.011741743780635371,0.05830222173223365,0.11079339630202878,0.018991966308580247,0.049380425330081856
45,0.033415572285678465,0.013169843766838869,0.049623390751324464,0.01507065445425255,0.01419456497130679,0.0313276765366845,0.08859336464308433,0.11206022483669556,0.03162001163031945,0.04885997709987788,0.007730894454245301,0.11680248413563858,0.04198121438413426,0.03665152549531153,0.08244508136407054,0.10886797895527936,0.07425880897856019,0.0655056833521933,0.007113259216185631,0.020707788688318487
46,0.0550279388358216,0.0121558197080464,0.05677095110483495,0.03369628592001854,0.07662864011235401,0.05927896553334155,0.02058786433333298,0.043605418138787634,0.048722022252825084,0.047065791862252564,0.024076000630852638,0.06651339027743823,0.014903672660285453,0.06947590341524497,0.05133286213991402,0.06994957051401711,0.05995058054255833,0.028214284662853112,0.04095743927344196,0.1210865980817788
47,0.07525241048072746,0.02228889731199344,0.07292475296284158,0.015615004327649241,0.08763331862822908,0.07006065505119224,0.03388241917819885,0.04560857850301448,0.03405024649558699,0.07858197301590683,0.05077532343618474,0.06356263092310882,0.010334597897584284,0.02228703287983146,0.02160502592087848,0.11879108220507298,0.07460553473502292,0.034783687256412434,0.010348419485578892,0.057008409304984714
48,0.021938201555925373,0.013584661646541698,0.017669000727170973,0.08509989540875622,0.07679482052891694,0.047857516483625386,0.018583465769415164,0.06541232217041425,0.06904313840967763,0.11633389032747718,0.006409035498520433,0.0418379851754435,0.04044873347783895,0.04895309979274107,0.056742414823791124,0.047860667619984386,0.0808508633433594,0.07269948959757011,0.00409595575095626,0.06778484189187392
49,0.04382598031375888,0.04897201384626936,0.05319048139882411,0.03382364042530457,0.026311454203845664,0.12521685700472354,0.013566268882688576,0.003958449426310364,0.020862216554542373,0.03541932402251317,0.035795984723335034,0.022430283592272768,0.06579841601552062,0.05615086920532427,0.2487600060099947,0.02787776167210031,0.07972948363426646,0.010819192706667707,0.021667076319728414,0.025824240042009096
50,0.09735555371339336,0.0017456828276401243,0.002976874247523323,0.061912741929367375,0.03754614386383808,0.002903885665960585,0.0410003956104731,0.14567429592889358,0.06049348881742767,0.08211200890292247,0.05852789776073671,0.01811121370590986,0.031418609066089974,0.0888340933197198,0.061678331920649414,0.04088169723014325,0.07209301309397458,0.04333638181202111,0.029678473799079157,0.02171921678423644
51,0.04087342968142586,0.01730676345616099,0.011795399603318449,0.014626252578112137,0.01303118583909153,0.22157624202938608,0.04480890665249624,0.2687592958482835,0.04514443498154156,0.02466639135312911,0.05520830336945344,0.041813691507435365,0.01315047124782593,0.021405419297573083,0.007909280726243284,0.019981087486159,0.024083606901642133,0.025870355626988997,0.07038487722706394,0.017604604586669417
52,0.01599991493232383,0.3804324720761823,0.028737739306572325,0.017302171515853546,0.02827407456258478,0.04567490112906655,0.015770139819050843,0.02388215160785544,0.01729305187212614,0.0512831740563051,0.025494180736993933,0.019028610886911,0.02583417017179782,0.020139217776691785,0.02465782032828433,0.0480520823901724,0.04021282509996839,0.007112539756686327,0.11567319730483605,0.04914556466973706
53,0.0991699182404258,0.029608414778775724,0.1603641630008885,0.047661446783996836,0.027039887710194603,0.11794460681410088,0.051402894065359736,0.008706649898818123,0.047435375135653775,0.018401007083331075,0.016006872927616857,0.04124896028143957,0.009028230203550557,0.04106406902655334,0.030532624285045912,0.054904422321801184,0.05533847088271245,0.057385684748251335,0.012561783833043606,0.07419451797844012
54,0.10743658866894423,0.009549262441823258,0.026565818490353273,0.13498774743832104,0.019686438472875614,0.07617763243025898,0.03986388019436978,0.002501793975451241,0.08887477149132396,0.03013237145023813,0.08757853103559078,0.01689164575901914,0.0011850890131138846,0.060065130074461584,0.09705601838282102,0.0932164991730174,0.0569904671785085,0.017774888423374977,0.00889303047547587,0.02457239543065738
55,0.014616370589710027,0.029213961601893323,0.07337124982584896,0.06454027075317162,0.1747268349554102,0.07316682135541071,0.03607453411708092,0.010940690318644105,0.0072811048030383095,0.03420592332435585,0.014172690824091132,0.014260258239649952,0.212054788323944,0.048013279862442505,0.02950006376028205,0.03702555830777788,0.056083870018035865,0.007840991184108794,0.015925053549912947,0.046985684285190885
56,0.015969235080706787,0.008314044093313445,0.029902679244007857,0.009575883935207051,0.29199355696985385,0.002815565582708432,0.1400379435633802,0.012930856863036305,0.039691903340211034,0.06004520710630426,0.06546518078626162,0.052456303852449385,0.01217491334406798,0.031860441745016496,0.00895205537851757,0.008639373985788141,0.0025256898496100275,0.021810600795112118,0.028745317290099763,0.15609324719434767
57,0.06251141308189664,0.01407399728452879,0.03211866327584273,0.06806946243391844,0.04569159828709048,0.019276869141655356,0.04448005109471823,0.05371070737975294,0.08574661387577005,0.08082819180859313,0.014902331711568325,0.12758030145432486,0.005076477155800618,0.05639164780273127,0.03247815561134107,0.035977000385766136,0.04081331131949401,0.16870814462184675,0.008585034185641901,0.0029800280877182745
58,0.014067245155098659,0.010631712422542086,0.02234049466829212,0.012072059622419664,0.020445462221324227,0.034401390265730275,0.01278381850279031,0.2494707808284491,0.03894594561579793,0.042078206030929564,0.05837502129028613,0.02865208468215168,0.0036501345446219038,0.018774151432383982,0.026872611721282403,0.0056397879146385145,0.02057352675650035,0.3032378696117906,0.0451521112278339,0.03183558548513664
59,0.0218309399227999,0.02811050862704002,0.010925774948176491,0.005683613283385991,0.03175787777541531,0.01089675176278597,0.019480769996480317,0.11830223344104585,0.030197369361993538,0.26950891358827,0.060902306807361285,0.023323105539076152,0.05964104139880851,0.02012188518912588,0.01021313636758585,0.026207143283041603,0.009625879364332613,0.18392699028216786,0.05056111414647576,0.008782644914631073
60,0.013940771731299458,0.016731544736458052,0.3554559851596423,0.0365556621197529,0.008974332511314803,0.012314506633460951,0.0144140326635786,0.05605722350261461,0.02610117419481996,0.01736428972372979,0.017047152981016243,0.053160339605287064,0.03929104828716254,0.05745482074891688,0.041345387500122184,0.049851117230611364,0.024848752786291083,0.048756283917373966,0.06532480229150164,0.04501077167504559
61,0.0066107396258680475,0.03901053561129628,0.02301853624004704,0.07482741872680387,0.009458188440297362,0.29405364049072075,0.011801825679943772,0.16392812429740594,0.029529010094931283,0.007275743766944526,0.03727528225288372,0.035001525646823205,0.0063376857723284755,0.03201856414083403,0.017244085983754716,0.029150758627183162,0.019311504328748858,0.05703510603204976,0.0930366014449741,0.014075122796161122
62,0.03833867709631244,0.0060062617477419705,0.04133644950909696,0.043621847510749816,0.0289155227892326,0.17154788960358666,0.0617241114967977,0.0296376812250332,0.0747789310067123,0.11156679861638588,0.04129825341760861,0.08567559164131434,0.022406365435388563,0.06046128955268066,0.06423818593238784,0.01953846231333453,0.02350125126713172,0.032198155773343326,0.016336893707478022,0.02687138035768284
63,0.041894570203054635,0.011036250704007284,0.030824633873642388,0.0765731530537684,0.012670866180599372,0.016342104537225392,0.0696389595331015,0.012579769984957277,0.039944412247853084,0.026783355615702,0.05529359174089038,0.19291830797847348,0.004506475089375962,0.11254780193799754,0.03340561915918111,0.04682346934356274,0.04136018420445636,0.047185407750550745,0.07660580020557119,0.05106526665602922
64,0.009727714995352148,0.4701317942271114,0.023151319787048225,0.021146943973468956,0.052953806333646165,0.015566138304667394,0.020690427714181545,0.015064741945012457,0.0219047106327565,0.041800401530004735,0.03301970517738921,0.02485805183368668,0.009816661701662016,0.024009918051621882,0.019647502010287376,0.022892882047393256,0.04960141733366745,0.03594313882045582,0.049876514710404565,0.038196208870182116
65,0.028171460170390367,0.02369197495588468,0.0295537361335246,0.021108142399451614,0.08143252068205542,0.008385493360359203,0.052942711685560216,0.029077429077157914,0.047962201003480684,0.0633811960868111,0.029822977541271112,0.012084790869057643,0.005205929418295004,0.016702311496774785,0.006110536936805204,0.16762090111341507,0.31446994739736545,0.019435001084787257,0.024678658598574,0.018162079988978612
66,0.009353095076291052,0.016556390133911258,0.05688261371872675,0.031891271176524245,0.020393078615340444,0.009164497902682266,0.025668755930292414,0.08080550837753397,0.04537421840370373,0.4482930477432358,0.03223100720240736,0.02419095538658093,0.017949277514900604,0.017025674048565538,0.09225843507341254,0.008518456596755524,0.008891325703115995,0.011967925934233624,0.027805466539952316,0.01477899892183355
67,0.018800037454669374,0.01484355400869735,0.03266254256048333,0.029897429872781437,0.044021209642926405,0.0061269593824977465,0.014653742360202957,0.36172104434129015,0.02035151477234093,0.03741848043073145,0.17949027206453574,0.04669437707836548,0.010045856303640216,0.012782773027953014,0.0541919276308102,0.030001833935643808,0.024157438683485882,0.023516566338050382,0.013461043902820716,0.025161396208073436
68,0.03798521235204665,0.016440044182301754,0.3798615273511216,0.015329142723569384,0.01667323370004999,0.041466965988374266,0.009802071630732994,0.007991327937326978,0.046040079299347635,0.014294288475211588,0.06911517793217205,0.02820540258403226,0.0221057115512562,0.014489124796296616,0.013122328268086628,0.05954294837095956,0.02360623605910184,0.05509883537147778,0.055934230744197434,0.07289611068233685
69,0.3609227721184828,0.02672240914142201,0.038561909680852914,0.03517658531286938,0.05541708790332093,0.028532758918198856,0.03873267512726307,0.01423904948027849,0.0796292396487642,0.025276197930956083,0.01819420464551458,0.014884354334847031,0.05450677284411909,0.011622740456592005,0.037786286252759024,0.02283122665720588,0.02625567922908923,0.040379978544842855,0.016837558056665487,0.0534905137159561
70,0.01968875907959865,0.025993667498061687,0.01314582251134402,0.013841111614406923,0.01421998526677026,0.007530373334957822,0.008822044367772862,0.07335416515945968,0.036640844312890775,0.3198810807299254,0.09912894790481304,0.008480663088493958,0.01869727807115043,0.10138678401509936,0.041893102302224115,0.0031881857155731785,0.03904585435672079,0.1192162155834134,0.01793912082600256,0.01790599426132118
71,0.05007037447714964,0.0057043287392411325,0.02596285893619696,0.061711454326245065,0.03357537803747939,0.0659783768983454,0.031538524608365204,0.09458423198174458,0.011237315073184128,0.3078885997431033,0.023649114417618616,0.012704189029591743,0.023910807729624096,0.015946857436972422,0.013016829978724422,0.017175000851986418,0.017738819636674192,0.0901732585616387,0.036162486358053074,0.061271193178061525
72,0.034915935788568775,0.027526459159832282,0.011365717118324441,0.03897738807158424,0.03591007132173171,0.3215525526879078,0.03088196155562985,0.0310410821850793,0.0272534307391978,0.040310141797632704,0.13419208787008846,0.05177618291766742,0.004373595574851001,0.04218897341190403,0.07658648294586651,0.01945667221633248,0.018209712080394225,0.02768281147004229,0.014146722312797375,0.01165201877456733
73,0.14339089870326402,0.013345253590445985,0.3564668949002315,0.03886387088724546,0.014199611181602071,0.061974449837381526,0.020863484535229404,0.011532805063627508,0.050814815051134964,0.004687152867318589,0.026542751542073386,0.025304734012052386,0.003283884731719117,0.09262166285864563,0.004877405967543478,0.04122371350674986,0.006028244116810002,0.04095635549668241,0.022269935550654738,0.020752075599587992
74,0.08285348995766657,0.01231262829298115,0.02329570251467395,0.026478139984375527,0.12083339557056826,0.062079850681055225,0.049132221421236015,0.010577035218778915,0.02077715307352181,0.02626042998356471,0.01631866181177084,0.011364526235415985,0.3498523609194542,0.0268430782467004,0.019992643297689263,0.017588011088436026,0.026141956594834717,0.011089940740664484,0.02308462803478156,0.06312414633183043
75,0.09470996465740923,0.014857807147811609,0.006236862954302811,0.055308150044491744,0.027695451699822352,0.16642567369079894,0.07435426358202799,0.03376164016408762,0.019004532660606744,0.03567798349489575,0.04117469560735535,0.1335308624495661,0.019467940676086558,0.11622754879052102,0.022461491461058657,0.0983337674371499,0.017491348730539858,0.01224127735181067,0.005976122461727546,0.005062614937929537
76,0.01898516006438995,0.4087527527491013,0.014545242470109753,0.01730059195511874,0.07164077036310174,0.030349599368678936,0.02442177348101336,0.04237071593554033,0.03319333780040072,0.020743833301272937,0.02331153564023876,0.0699922995490866,0.02270189737886651,0.017636610364711574,0.06465704166127548,0.025985246525076548,0.006738346258117298,0.027392847909607543,0.021292139219748846,0.03798825800454308
77,0.01600277765770507,0.010667782654414268,0.3197863702596635,0.1346812354475309,0.05444268444049776,0.02279167977972292,0.01983848164677231,0.011009925115465185,0.036861997785534326,0.061710878105192914,0.06923755763667852,0.02703161234798239,0.012438994147902515,0.010937553115441123,0.005115751738694868,0.016524680614729045,0.04167625997446504,0.04298753627945662,0.031361506323531387,0.05489473492861935
78,0.0047263270462259074,0.07140260537877974,0.14518269310310755,0.3402343148798813,0.006555644517104872,0.05823096456831876,0.044061816121488295,0.018449013930419818,0.02494436604904443,0.02313150965360817,0.014978436526759075,0.04310250495625511,0.020586055628358663,0.00969503210283004,0.011672311037267544,0.021549818968251776,0.002950558121571465,0.05571593041349622,0.04256858184154557,0.0402615151556857
79,0.003459466438008141,0.02542959285234931,0.006884690183302357,0.01332395251505533,0.17445888276864238,0.002114133205952601,0.0312394344090538,0.06693779537925497,0.023850033883284192,0.467607732942762,0.008565287974728941,0.008100804535232058,0.012422409148203577,0.01764202371666531,0.010869468285829223,0.021374384049798426,0.04931074303375898,0.029633867683457174,0.007194092829226627,0.019581204165434636
80,0.10653466106441133,0.011641178425315977,0.06463182258572582,0.052257298427415035,0.017202804925138825,0.01935631507768648,0.029805466904993614,0.07994519816487655,0.044255432361417456,0.03722385013428214,0.11824711641889606,0.07041634940138006,0.006530507633372906,0.18200710828354516,0.06237584798101791,0.0474664190907327,0.024813356268139724,0.0067267951852875004,0.008195130556987609,0.010367341109377282
81,0.03835017284896119,0.010208050130274293,0.20743301747964105,0.022234106491655883,0.04955279232020419,0.06910642535467132,0.05129618072965484,0.0154452885698649,0.015028388462746043,0.03742817870325862,0.01936355919556144,0.2581288621435634,0.016265831572717094,0.076450075212106,0.02915280902775505,0.0305245835147056,0.01695591382095121,0.01894694747751162,0.011614086247575595,0.0065147306966206455
