site,A,C,D,E,F,G,H,I,K,L,M,N,P,Q,R,S,T,V,W,Y
-16,0.06120540013805013,0.06551733430824012,0.0946031336134132,0.05034484858731269,0.053734157194904944,0.03549991141831508,0.02712816260732237,0.06752876124063548,0.09832250134854616,0.03854298595803715,0.0610517401046449,0.04975507203822528,0.00043240957685310876,0.030886811556334014,0.03714851806423052,0.03220857861413327,0.032878125341674634,0.03876788003463441,0.06186132419858886,0.06258234405590364
-15,0.011609212769907805,0.0267415755533908,0.015263269548209309,0.015273000163548022,0.06444999372393699,0.011411891835174808,0.06944763071313095,0.09051409524965354,0.1328279725995172,0.06356335373696312,0.03989537961418069,0.08520124487958215,0.007607110056818619,0.047497207078299464,0.058417128065299674,0.0182311558732389,0.027870643072643315,0.07042691227350406,0.06475051411271814,0.07900070908028245
-14,0.01718435585803666,0.10606694117022207,0.01553204102794,0.02398698956778904,0.03626980536974847,0.004419208260236757,0.03806786857338297,0.024739260560627186,0.060634701369608586,0.06498747386761326,0.012658016106947695,0.05041624173286648,0.06556983048989036,0.05002261275637308,0.0633154825400199,0.08108124450368866,0.07367453499587158,0.0597904715506971,0.05258762591154016,0.09899529378689996
-13,0.10509853803924696,0.09916800061323414,0.02023944009829778,0.03680909049645287,0.047003604869592826,0.042871417691801215,0.03849610131980994,0.0564720861176583,0.062469933682980226,0.007982425560674912,0.05490057555498929,0.0259339976064461,0.030220920011599182,0.021269034412433368,0.010931609223060513,0.026676669967875585,0.05915891029932231,0.12971444299920282,0.03961597004810055,0.08496723138722116
-12,0.0472669505670377,0.014621354255985122,0.012432815284368058,0.013416609990641395,0.09876349084015626,0.08507730999393741,0.008621706599006273,0.10042837262637283,0.009698447469085223,0.11369487661855082,0.07251362281641657,0.02467050312327706,0.005693124666140013,0.007041958657802559,0.009573881760382331,0.03664999054212655,0.01927522834130676,0.033552282598860235,0.2497571298402317,0.03725034340831517
-11,0.162836605511887,0.09045036141596532,0.007543120085025048,0.020013247696165217,0.020702851484838847,0.07704058856464154,0.05025266813794887,0.026300313584720927,0.01952131112236464,0.00553274104280191,0.07176756011828979,0.05762240049916406,0.00954340114788442,0.007545275647067695,0.01911189404332255,0.06377136339879272,0.12527820138845816,0.028590403289368214,0.06053020421412094,0.07604548760717211
-10,0.06558359192946317,0.03873452703405228,0.06136850920629429,0.07788803008042622,0.11130935649167854,0.06446830503126445,0.07427596090180852,0.07785325387744525,0.013801216890939027,0.0627153209729958,0.027949102539114583,0.057286202115560285,0.0472964923978222,0.0193921094226114,0.003743538084813748,0.03279056533078245,0.03783835361319942,0.01906891667334052,0.027931626809352118,0.0787050205970357
-9,0.02449757618980056,0.1616213366565218,0.010990752036363688,0.04971813175438307,0.027039337856546355,0.06513087524742175,0.0601681723410719,0.060807313994009536,0.004446011316411611,0.03075541405322378,0.03923016109308592,0.05806514942995612,0.03807453345435091,0.11975024982539445,0.01143262409650421,0.0916727661980664,0.0554264516633478,0.04833422143882365,0.01647710335513488,0.0263618179995816
-8,0.038128886118172105,0.013839317060772663,0.05375521712095333,0.03513366030435513,0.031798623714491096,0.0466134040925459,0.017004114945889052,0.05637803246728616,0.07706165526556479,0.04139621744737839,0.0682961386035955,0.03800876194008845,0.06875729890197736,0.02571942431085148,0.07093870001530593,0.048221768039058366,0.08599591403472051,0.054235967545896144,0.06572101662728615,0.06299588144381152
-7,0.04940727995567648,0.01921075030860031,0.02226645903429273,0.04162764896470986,0.07756491381087388,0.11122754228259027,0.06354391801245964,0.04793329662861388,0.013575251319016482,0.04713565821706038,0.04487851879006316,0.12553403739858873,0.07630757895936656,0.011561372211237929,0.021023507320630085,0.013455260223785558,0.09043855390190852,0.017088306668495697,0.07407772992152302,0.032142416070506864
-6,0.030395441745786875,0.03599431058282567,0.05878747903003392,0.036293136005882916,0.01706327892199594,0.03459931245664563,0.06406280630414575,0.13451684511762918,0.08373118628081226,0.04423076270638029,0.08542093121695439,0.05219709994096956,0.0987099640815507,0.02121306579723522,0.036097155561216496,0.024077368850235842,0.02161857170068546,0.03858021301496865,0.03192187356598683,0.05048919711805844
-5,0.08683808849353718,0.032498375834113816,0.06263970302369078,0.03585066283349843,0.07465876172772701,0.022002512221879614,0.01610850909913418,0.02980273920657158,0.0918988538952354,0.039672790022168565,0.03674856316030965,0.1147336864617871,0.04344001599217796,0.014460028695550744,0.0611605858183603,0.06592262047160455,0.034798987447610924,0.029885274527278606,0.04084810480524365,0.06603113626251997
-4,0.02569259142293235,0.06790707797223412,0.1063651249595346,0.03238355925539975,0.044612938854339056,0.017103086013339024,0.03505268210442272,0.05430449345778205,0.059154386089782636,0.03227236347195162,0.0481153702948614,0.015969889866272617,0.03535961980762802,0.07872603299440968,0.08941509897757129,0.053968514849304414,0.014495917926995176,0.10749192086250978,0.03149197062373528,0.05011736019499441
-3,0.14922657764962916,0.03850746583256925,0.0281575086223991,0.007359721662234323,0.011763199365938084,0.06394092559635564,0.02748102092118668,0.0405610132891839,0.013145321935065223,0.03910203328764709,0.04077949775091412,0.0419979815721543,0.005773965762992769,0.01186418046349635,0.0049272560210529715,0.15241143124934106,0.1880085152910393,0.10210011580788976,0.014291068479934919,0.018601199438976004
-2,0.05054978659310903,0.058679970683848025,0.07552113518156102,0.0336814173183479,0.047782901900304035,0.052507652180233996,0.08219586213687652,0.0696181323704315,0.07232703283883994,0.08017974548024329,0.03854497650090735,0.015027666710374615,0.029793016194237014,0.05075348042704484,0.0424594518746057,0.020272295779370363,0.058451458535511966,0.01028084933089717,0.04567249663456472,0.06570067132869098
-1,0.1685627912453377,0.047799872512550766,0.029356513949344836,0.017668517453450563,0.05093868456259034,0.08362101955886972,0.019889688051294336,0.024419353762463916,0.013772482109587965,0.008957726999357667,0.02706366290863237,0.014122997890200103,0.10008595378768864,0.04818152315887063,0.009469785743539698,0.1985296693536244,0.0826466952931206,0.01950201677890171,0.017730119143709568,0.01768092573686453
1,0.027687862110399152,0.01652769225982821,0.06736591647013915,0.019918554519952017,0.03903686845069215,0.02887748762899485,0.06845690336078418,0.10820147446576607,0.03893799311949138,0.030736480201156505,0.023478769458106303,0.0515331966902824,0.008747314062469884,0.0722940698601987,0.07076964439663952,0.06455842662916156,0.051108392090517415,0.06407302254633508,0.06027161071078072,0.08741832096830471
2,0.03796687941910635,0.02866415292232173,0.05322335703668135,0.04230584547669294,0.008550264717878899,0.039195547344965866,0.06542131498287278,0.009066992883586329,0.10684390234479192,0.0066853559145271715,0.04008446252198086,0.10530558677214864,0.04211567265458791,0.05629896712104596,0.04009752887712866,0.10898497674945463,0.06993038740506917,0.0035202733752858306,0.08192568256276557,0.053812848917107414
3,0.029615739328042612,0.025707111256138525,0.09677836608683522,0.046142191780884106,0.0961990860469171,0.025792822150641926,0.05445328997304893,0.07519284143559139,0.05808730851125255,0.05390602177788128,0.022965731334931853,0.06962904528353316,0.052269852603100256,0.026159864293806786,0.021277074614604204,0.04973736492180507,0.061475476260098624,0.01868005974868036,0.07344490147776872,0.042485851114437416
4,0.034061341297272715,0.005691927510236482,0.01028887713142497,0.02868389029563128,0.058403728785182366,0.04060354871119727,0.07656567729644373,0.022478121157971168,0.05282525605541434,0.09908098832188704,0.06955206394772705,0.07038651377791574,0.057381987925700186,0.06745127330894607,0.02482913212534188,0.025388970182926063,0.07822696440809827,0.04148889631555378,0.08060302355234299,0.05600781789278653
5,0.029267031769238668,0.02012022608803823,0.07772443858320796,0.07023028213187298,0.047967876721033295,0.04720119819571583,0.030158088539345845,0.0776933385887572,0.013650627471273541,0.05301394475463949,0.17984833693500474,0.055434124274465146,0.013659570099995052,0.01767887393399326,0.04815664186744136,0.03733858079328465,0.04797585065292699,0.043311697635088346,0.027629931952987203,0.06193933901169028
6,0.05959364317478316,0.02108693844636336,0.012542607789487792,0.10793413894923456,0.02317050992458428,0.0522224340018506,0.051120090677255,0.048900222518916785,0.057274867557389614,0.055296553306653326,0.053865550826321724,0.04281900416660809,0.014005325790150527,0.03319009845910127,0.029436444098283276,0.07439054755073209,0.040496948590075785,0.034231858028750554,0.037334419396784564,0.1510877967466736
7,0.013570768761387887,0.028657193381614987,0.05837270979567893,0.1053473919462292,0.13613312068772254,0.050975523950964455,0.02781159741683072,0.0772864538375943,0.02746631295669831,0.030452348092483438,0.08189883801047065,0.01934030276244908,0.029847955866653276,0.0670275612135953,0.013467508618520795,0.020604484721983105,0.023014857427510284,0.027478947164213792,0.02201891004851893,0.13922721333888005
8,0.023714369660012623,0.009047312509408646,0.08527993574750671,0.06634998356904909,0.07783092126480404,0.038623592709834564,0.08818351047878993,0.09023893734404684,0.02790747034727036,0.05792150729917934,0.06098687501231366,0.0324825636439538,0.10525222752616126,0.06092578404299444,0.028459578347434605,0.03036790623385012,0.019623693468305482,0.03959645385748554,0.035038471720786696,0.022168905216812286
9,0.03604366312967423,0.01281912792363546,0.039847166925681285,0.06891104116170536,0.010566976265191184,0.045587097830955936,0.06373005053021374,0.043374211168150316,0.06913357665003063,0.06926218358487843,0.008026246701910855,0.05449080295312945,0.11580772000915948,0.024236038333263564,0.077669795727808,0.050815123737448564,0.040038993429427766,0.02087413750462631,0.08725411222793249,0.061511934205176935
10,0.04990055889179616,0.05120737799918302,0.04086462131789256,0.055580427988773794,0.05542696931171183,0.03540858929484291,0.06526291412661324,0.0375524679804246,0.053832289359474116,0.05576202741968534,0.0587766815427349,0.01475630566030228,0.031239044701251464,0.02524253844091922,0.0370584311785904,0.011433493617519587,0.06432261163213969,0.0476083338815527,0.17922477070381218,0.02953954495078
11,0.15995512411400245,0.022046603660611654,0.019366594494341888,0.04171362366714384,0.034666513916003165,0.060840515556506165,0.03387264712235709,0.03488440107472186,0.03441473956424472,0.010979744202160573,0.046867024096683335,0.01931389143573846,0.09965399189635836,0.05231298303512922,0.017953411306071573,0.03017311476424472,0.13648332269063956,0.07780783518582184,0.01873962400870848,0.047954294208511127
12,0.04053862970436719,0.03015715067750705,0.034990199563676966,0.06927423296396758,0.12007609502404835,0.01831643270951309,0.04976138756945047,0.055912224904248214,0.057540274631000025,0.016622572024063798,0.0710743824008002,0.04111337641512942,0.01948650225443086,0.055591344530179984,0.049644558840863724,0.016861100713368233,0.08980286558858944,0.05315984906934715,0.044203810768506914,0.06587300964694136
13,0.017252589868535936,0.05344188660195866,0.02547613822858893,0.015727713956405726,0.07289825815166483,0.02476805615862465,0.017194819900035345,0.13004584913055006,0.06556890422114665,0.2410834308139848,0.059228077213770665,0.018865616337134912,0.02001908285777629,0.020389677501657856,0.010465977074270529,0.01939443918623635,0.03846037349608032,0.051435662382493696,0.041184420635258005,0.05709902628382575
14,0.007573979593061024,0.34810763446699977,0.0161133663551709,0.0206131040724733,0.01608949428071629,0.028703100383815256,0.12113895002928515,0.01613756737829442,0.01770675680618439,0.02713291581333143,0.07609610036623446,0.01615705523199563,0.020284214346233332,0.04120871392897471,0.022757605081919364,0.040236435844501914,0.06241021553153658,0.012430912837034616,0.026480211498052582,0.06262166615418491
15,0.021366985927732233,0.018445565218790767,0.023552075505037882,0.02610758351310593,0.03263391003924215,0.012131552272308485,0.031625087650745384,0.15761576063740773,0.03660312069081295,0.2087177770274725,0.05978001310199309,0.015612000402892137,0.06301909658376208,0.017587329691081437,0.033564116925334946,0.006491025382052236,0.10351031755112143,0.0739523314677214,0.02127161733201141,0.03641273307937384
16,0.012375108922515143,0.02277335662563465,0.02246062483437589,0.03053482821426852,0.027920760108211283,0.34271896289419257,0.059809012784694325,0.020423622708546973,0.025340242302305558,0.022939336412162097,0.09673849998655357,0.04135744688731818,0.014888386087701903,0.019462178420321042,0.031151744905411182,0.0741099440083102,0.011447239189204702,0.033466849920657786,0.04852897314274867,0.041552881644865744
17,0.008967059092727117,0.017647093394850075,0.020307162404130615,0.019688737621332133,0.06482266698748902,0.01011117097732344,0.25136556491560824,0.027477214503497414,0.09457388193096744,0.06410843173948896,0.0719018947968248,0.03326215602813907,0.010295348116631894,0.04540986286833778,0.10643101525976588,0.007415016859811428,0.021367891923864613,0.03447794568488658,0.0634548440917154,0.02691504080260811
18,0.012424092421835202,0.028606647716331274,0.013529711831502773,0.041486694174715774,0.023679145389715682,0.008514379016581853,0.1805965109468785,0.06821334793925272,0.028874770420216283,0.094160537865334,0.013953260570889095,0.05546569244043699,0.0689318368799539,0.08811814440703873,0.04478762755910668,0.008367172593733619,0.02984384064562065,0.07346811549307615,0.04367390137002036,0.07330457031775975
19,0.2387559984788842,0.02720920496607395,0.027119063459104087,0.019120525711935784,0.03076245913153582,0.010571488463701964,0.007227821662703852,0.012622501620121707,0.030903495981931893,0.02180588363793545,0.0279101322601434,0.09750277976722828,0.057123871130316466,0.08791234275280169,0.023269198571588396,0.1513108976669049,0.03654049041850958,0.012515240460292941,0.031166020173923125,0.0486505836843625
20,0.06328013330770665,0.018043001547009548,0.010437433367213566,0.00980941735180876,0.12614722618929405,0.006710112068651998,0.01146058081606112,0.052366286745080266,0.041652278311851344,0.01087445250904388,0.022840068721441176,0.04153322031719555,0.0834466438591325,0.015869196968862985,0.02312729333556124,0.026403303310911636,0.11830546537932216,0.28207736518234816,0.023359168395464102,0.012257352316039359
21,0.06918257399170462,0.013300011269595608,0.024446362477782004,0.007380158722465637,0.10810977033974818,0.050629009076368664,0.16813281997913174,0.0387982809516276,0.05218851499183004,0.061606708715662824,0.02806687104076393,0.040712106505739615,0.06403078883255481,0.044724049508259145,0.03356384689504075,0.0400008575184574,0.08812408300401138,0.02989469852234012,0.010010124869204823,0.02709836278771113
22,0.12061159583377427,0.05020239658335994,0.022210777623676937,0.11030074169759388,0.041445110939118436,0.03591559133058672,0.07090799816737182,0.005597833922719892,0.06400099086970505,0.02660246473408961,0.006914710788849762,0.09872751687775462,0.0071253309206906765,0.06657952035115285,0.11384126648401932,0.01868034578755557,0.05025173306797226,0.005813356790797824,0.05004697393138255,0.034223743297828
23,0.05194561739304983,0.028293528096696163,0.03685083794890125,0.033997786855915826,0.02035997015942418,0.3832162135796173,0.04621356130329643,0.03342197524872563,0.05988933448337649,0.016549281612970444,0.033142324180361955,0.02348146266907617,0.050505459556367024,0.020952765168769982,0.027489055522021216,0.02995379738044131,0.017129613292581367,0.0396611165361692,0.030769720056908024,0.01617657895533024
24,0.08446444264038715,0.01151427118988266,0.02146171191690893,0.058237520517454365,0.17161987263570713,0.0026699582156803885,0.07227129330535964,0.027729844850079042,0.08935580849066213,0.017106815598162673,0.01763752085896319,0.010835098018403688,0.01335083601218992,0.062214966213927275,0.024536565429645163,0.037298478765905016,0.061861767813359676,0.0432006746566637,0.050360807497462017,0.1222717453731962
25,0.05313078588207008,0.022292406968444624,0.011664045416311029,0.028617418925348314,0.03905863373140602,0.007304168033975575,0.03872326250488911,0.10864920295554024,0.032206994626401024,0.08089437897313538,0.13544410718583305,0.005616023996143196,0.034975744701854015,0.06585365061203821,0.05544293145272478,0.04165230195556598,0.021859505102194,0.08953633890502496,0.019836959991119046,0.10724113807998137
26,0.037383952786232036,0.03903723277340639,0.0326539748325283,0.029355238381367776,0.027895065210554064,0.030402639986683057,0.01747585583162045,0.19915244728689385,0.0256340438950866,0.037596398215562515,0.020711611366926903,0.014101612657647797,0.019121490264954483,0.021951643918253282,0.021014798873372324,0.01932074198155789,0.006431803006999371,0.32671405614343857,0.017511674120519866,0.056533718466394565
27,0.12825131963574987,0.017783955324248882,0.018678359758375705,0.012745264651166264,0.007945437748448017,0.04281798560215765,0.0731906297940367,0.00897241725377062,0.1314059170094803,0.01812717472947367,0.01330011251545906,0.05892681830422866,0.015931269488982186,0.11015008088294816,0.10752779043537017,0.059435339255379714,0.13263708888236586,0.017546274847535372,0.013086309264483884,0.011540454616339296
28,0.08565582338153199,0.011994626970104798,0.03532699550825956,0.014872069272365097,0.014353277078406428,0.034432692166088845,0.010538177563147634,0.032958227201777164,0.05291354807151024,0.10869571595304016,0.05086028083106836,0.027704091259081628,0.04440984467537691,0.03662523646851706,0.02538887632379545,0.05437225739579716,0.26847146161569674,0.040959839809875914,0.02214668797639946,0.02732027047815944
29,0.034809248637901774,0.009603276142999807,0.01738670976637921,0.04144127948682656,0.028121916770692524,0.026892202361516283,0.03302567255531149,0.18604180817555308,0.03900078615282118,0.051096430531602906,0.0604817069389298,0.029080126937334142,0.057909551773263526,0.03973270437924038,0.011849224067363702,0.0836398653842042,0.038414376396606914,0.07176214980084457,0.07134813435045564,0.06836282939015235
30,0.09291563555612674,0.017090845235705327,0.02853029623772405,0.029175471255821005,0.02207044493283311,0.05488831530922544,0.04214484547641428,0.08673666893593245,0.05948707994233211,0.041489573968895375,0.031485802096088734,0.08634222935297163,0.005510584907013724,0.0871638341208009,0.06063542031045153,0.059086149999531976,0.09520427149055803,0.06061154102940883,0.01085692914482078,0.028574060697344014
31,0.09266444898755738,0.059580524909733784,0.038907960050101234,0.033411790131055844,0.023975822875459425,0.040726501652405836,0.03141586784541564,0.0250499623454144,0.034993061679784485,0.043711425151890686,0.02971022833217447,0.07555684686416755,0.008797267167605686,0.1774641811902003,0.02007450927390653,0.01675983035047766,0.05265598688852795,0.05214050246231747,0.06135148003397005,0.08105180180783368
32,0.047819667244222916,0.01829519206592386,0.07107653159752356,0.09022160024486467,0.017121604076457488,0.04650162899613384,0.028811893218396775,0.020082731197625308,0.015648466549232857,0.04383232895852945,0.054403309191422285,0.09325441994017697,0.12876676273819618,0.06250283895379086,0.020046024561878914,0.06265749009380431,0.03785756016281791,0.025321465847560683,0.03953773755278719,0.07624074680865396
33,0.05443503560501206,0.01208588260333168,0.02296344522342113,0.12738331103088027,0.10886159526599838,0.07976500236685667,0.05188359989553398,0.011229430773467877,0.05846311322091219,0.052009430106974106,0.017314238095445033,0.031085543269769655,0.00925669425620665,0.06692606913818787,0.13645849468329815,0.013127498642440269,0.01120867704251338,0.028789026963521237,0.022160756589757014,0.08459315522647239
34,0.006272635851087304,0.03478517730320593,0.0072076750521280295,0.06213672707173992,0.04014197257932415,0.0034770446102668656,0.02436737760878884,0.12532707974373475,0.012390586130661395,0.19329613260160813,0.07552841386568042,0.050318714872749866,0.0015795084070856194,0.10094308621937906,0.006250872283858686,0.005490986192591588,0.10242600904622064,0.1053013644404396,0.017814967846139375,0.024943668273309783
35,0.1065132774770187,0.04718165648321957,0.04872245376959937,0.21849104661162755,0.03158734309024818,0.03289956473330419,0.022256424079066955,0.03791943581805796,0.030753948438432183,0.04808196655595442,0.01777161619915024,0.02173212869145744,0.022008438572232482,0.08879121170673827,0.007879404610971088,0.07552169289515713,0.027358063896559908,0.030854016312113593,0.027651212240709582,0.05602509781838121
36,0.037101018980257285,0.3244912675378461,0.05304359307984911,0.04385274387513918,0.021690696378677717,0.014786576428723962,0.0256759401614117,0.030604359947055782,0.04296907244161168,0.017415470254613475,0.027112518618421927,0.030532965544199164,0.011223714892268512,0.014092545330640876,0.005302494771357905,0.01753655113269777,0.01932826334339928,0.2127000985296157,0.025926089502314426,0.024614019249898457
37,0.036251458255286334,0.11490392019751218,0.045236741587735566,0.020692094132487977,0.009615536783839182,0.011988939387211534,0.007222278684703531,0.05410385703462105,0.007476650649649025,0.028916603328080062,0.10428385232986986,0.10008882319667428,0.005520183181667499,0.011414318499173988,0.003655330468360872,0.013883118984995082,0.11840151592855053,0.08126424551876638,0.009668732002818923,0.21541179984799613
38,0.09077321109136324,0.04996450322013084,0.03298356939786762,0.12087958080211328,0.12753888452125314,0.02527280014092372,0.016117806139292194,0.004818170371075095,0.02036361666848974,0.01882854150670735,0.07034314379636061,0.07492417938786007,0.0020618331226399463,0.06856911278075152,0.053238210456931515,0.08689135179753693,0.06764841112027889,0.019922586829134455,0.04177319270676552,0.007087294142524389
39,0.18042187453928027,0.011746012228175187,0.03550592969211469,0.013506544792369679,0.008846462730807301,0.0445220800754887,0.011192241122504859,0.008370336632242995,0.03549086219343775,0.08357267023585054,0.020576893036676813,0.11462530341034728,0.10634616094328826,0.021153883620848732,0.012475771276362324,0.11637507008280552,0.07785308549643477,0.03292030548308315,0.048921537171568025,0.015576975236313163
40,0.08766740557457152,0.006359824406471276,0.01252701139592904,0.024803315567712668,0.05680788827271738,0.004630982645720803,0.017136477241387827,0.0673736809180024,0.0255457017672888,0.08477516532371147,0.05415846640799125,0.050550286494830086,0.005635093134422975,0.09701997396973848,0.0317967208854911,0.028921370145684612,0.14190087666426207,0.12581059373342074,0.01422446856710225,0.06235469688354326
41,0.016773395953484205,0.08064335793725283,0.043103482659491966,0.3022222896224422,0.0237216413220219,0.03935992005399605,0.015515635178623297,0.01139636466402458,0.1402083570812279,0.008927929789314561,0.02328397078646683,0.020534696689963442,0.028285352410761407,0.022551476107669527,0.006096561125617235,0.024278499975357668,0.0191055833491042,0.027138895888407875,0.11989676852529713,0.026955820879475272
42,0.061661474433309965,0.02479583215715086,0.02666995600611169,0.03575430940767148,0.07678912010711443,0.01582209530195199,0.010378957723988985,0.031156772290624763,0.02276305571197313,0.26438578306649485,0.045344322417502886,0.02233558593661929,0.02611162749205409,0.042248339527917934,0.02575843339145229,0.04183808327458688,0.07979449572260937,0.09454757484079714,0.027797785877315632,0.02404639531275229
43,0.03216779745415595,0.03628529628942096,0.05003836803515215,0.04362694823980754,0.03366411486387642,0.035579600812864966,0.015716377581231778,0.09196426051867064,0.02488841249252385,0.006694744995311845,0.03001436315148092,0.04998112583261083,0.008856183291678426,0.018401906160127653,0.007263544559473851,0.015184315973685697,0.041446038194727766,0.3838872516620717,0.03018337735372132,0.04415597253740578
44,0.02667206448763192,0.016189466912852595,0.014025555403809696,0.05344736121673459,0.18385371696283456,0.061348209721210065,0.02574429304696655,0.08933880855203681,0.049332566033455004,0.04540659369240693,0.04803629905569421,0.009129262649284951,0.010093448739960377,0.06588868249459963,0.006601762152392746,0.02732411306870841,0.05730792742926345,0.10646352782613558,0.03898182128388005,0.06481451927014187
45,0.023563528902849747,0.08238872156925788,0.044223713230090715,0.014026047699149348,0.020533325349430004,0.05895761581073562,0.03432741779660607,0.14308138874859958,0.0376264643109942,0.03685101421678513,0.016086349322261526,0.016480345344618546,0.04691995800258944,0.01791656440651834,0.10379999508948624,0.09154732461850687,0.0729921657057381,0.07922347973286127,0.019430008666050283,0.040024571476871065
46,0.04539231368489628,0.03156494434769457,0.08046844634953994,0.043987724039559854,0.05738127696496032,0.0552962997182593,0.03619725175355407,0.05230056673113442,0.021914935567487817,0.047213281803792716,0.03746363192135572,0.05631394087455685,0.012015530113440366,0.06386765488463145,0.05463762849497033,0.060386931553030314,0.07659678140995946,0.03970486092565892,0.0745312483004037,0.05276475056111361
47,0.05128191823672245,0.050734234760511115,0.05326081784319248,0.013394163684766305,0.04218075691621236,0.0545371916203868,0.01937868146279384,0.07024587458949702,0.013893346040808805,0.039242949135594944,0.08394273922899365,0.08655188776070037,0.00994530946170328,0.01735320861227042,0.017524139162690192,0.08612098900085795,0.10852674289856264,0.05377512919906993,0.02471997156549352,0.1033899488191719
48,0.02539300840401544,0.021200866839082184,0.04951710587942299,0.04416867127486249,0.05674719952320149,0.06470012882015856,0.024923651312930444,0.0766989341034321,0.05700164780487309,0.04993647055826731,0.026741830273067733,0.10050726926688308,0.04307665660397076,0.06345416741470414,0.05059813670810695,0.07528283392660419,0.06049858052131112,0.05650552901486203,0.022920742881568836,0.030126568868675117
49,0.054098116443588,0.04960640980251935,0.04196014708178193,0.018616475165620792,0.04901187994970668,0.1377380958752855,0.07106784039503193,0.010075001560759723,0.061672076212486826,0.024024008969706984,0.03952359750418342,0.06648373712441051,0.07202283762528576,0.06266594670675273,0.05832909305047121,0.03597003406279533,0.034704946780772836,0.014769603536043147,0.0212961866487857,0.07636396550401166
50,0.12484576907521072,0.005190679951281887,0.004411613870528815,0.049916057707278035,0.03924216044692189,0.003099126596463307,0.04632817402768962,0.13132456109236035,0.07728351591432102,0.05309088098770953,0.03855362480105658,0.0202795549110171,0.016045112770594075,0.08406683588682205,0.034110875560718595,0.06300574343011761,0.06797020901304641,0.04789657725852455,0.0653860625350773,0.027952864163260528
51,0.0073430862239699845,0.05491860861444359,0.06641898504366785,0.030390797653454413,0.03304692207535776,0.02172053431676153,0.011541607010570023,0.2858760226878867,0.028295139831304106,0.25228819435361977,0.034494161469051134,0.02402684023454011,0.00461788126955267,0.013243459687846194,0.03595200977032212,0.0053370867875940685,0.02057973754295771,0.03718712210529237,0.013247027156917468,0.019474776164890448
52,0.01894703390126561,0.3992389160528236,0.033165388361450755,0.05154989469959487,0.02663799399125496,0.02145286903413109,0.017057352654353174,0.02869210095993233,0.056983924918886174,0.04701310876193647,0.025046956214329574,0.04288488843346452,0.006632115587687777,0.02084975762944897,0.04677493409475642,0.02021961576270486,0.040653778584091166,0.02288741014309402,0.035869950529253944,0.03744200968553965
53,0.06615023801692611,0.00972571109847038,0.17997193626288574,0.06634859885579003,0.005910235577768721,0.06399902108153611,0.022118849780837824,0.019619466435093973,0.014987823598524937,0.024158694652713097,0.04576541578000376,0.053475000674946316,0.02104368044197663,0.08393482625403026,0.06714304219720724,0.10898817241611228,0.05024104158761068,0.013535025292916924,0.04124696292892088,0.04163625706572808
54,0.06820002117920998,0.005388594380203554,0.015020569482599748,0.21682484888304351,0.025953402402800828,0.08186745267503387,0.05542683672107554,0.006446112020484668,0.06757592950253923,0.01986526384278708,0.017193256693694803,0.025911769201103326,0.002503558751381959,0.09546804945083086,0.06316182114348333,0.09416296278711696,0.051023200733797465,0.034869509110290985,0.022174010578084314,0.03096283046043803
55,0.015768901674400253,0.05786836648977212,0.036712311699640406,0.04227390442606327,0.04893902425559876,0.04478811515394073,0.031694141984485745,0.029800432000360123,0.05142203386409982,0.023204421071021518,0.019176793057195083,0.028795855975370436,0.32045202619329777,0.0313252647887252,0.02199615793229099,0.028329761510393157,0.05434260930551766,0.04808995720330099,0.021308642743707598,0.043711278670818435
56,0.029888072699541968,0.008931351243227281,0.010953537105061277,0.008291618617962845,0.12187690548068572,0.12888314748668125,0.1161398220063509,0.05163524147270026,0.005656134201481572,0.03471078078680852,0.06606810184719533,0.04766836076380385,0.002806999505077019,0.02625393082175358,0.012497204853699241,0.015191061166547882,0.007949106064527721,0.021012814898920214,0.0760940103239222,0.2074917986540514
57,0.12117828269901153,0.005886724975900746,0.03341118033538956,0.06354978304673979,0.015944244501422792,0.016681700933592874,0.03823390399429688,0.051653066686796666,0.14225018244140275,0.0552547851092788,0.037924630236683916,0.1008036902728677,0.006136838291289335,0.059278378254498026,0.04860601905143499,0.034261555047655164,0.04825218826021363,0.09289778388578132,0.007162970056532578,0.020632091919211015
58,0.0065520353954498884,0.010839750320497566,0.019754828591108862,0.012466628251379128,0.08689287084444422,0.08144831177964572,0.01545026008133264,0.2739694087511024,0.04450153354053445,0.0516516811738319,0.042858571717616936,0.041847505072459816,0.009707699698479238,0.061568740062678214,0.012182267688815843,0.0109023399556986,0.021844695204949614,0.15470996375777776,0.014677497182273578,0.026173410929923625
59,0.011712275223609585,0.021645142661751327,0.013022455041492895,0.019457417965281564,0.025015577011640474,0.014405517202522176,0.011320132642947877,0.12844008781543215,0.007604707638585919,0.3122913676646622,0.037090038907064984,0.017981887723228646,0.036195643799937206,0.051293415150629386,0.014667123750566656,0.021476689848604208,0.008028907247199237,0.1997280854812814,0.01743625544502634,0.03118727177853575
60,0.032106969648569204,0.05270520450059808,0.4096309028203445,0.04027858058463719,0.011638848156893113,0.022278255863527347,0.01735337104259701,0.029916655213839776,0.009930865303819123,0.00993672387892463,0.027287173127244563,0.02253265211656504,0.08328138204296953,0.04869424637168773,0.026524705192204852,0.028184273479059538,0.01320440105206558,0.008022718777767756,0.050348404655214236,0.05614366617147125
61,0.01709832735123734,0.016223358003232106,0.03588679866181647,0.04504538072518064,0.009292463592935644,0.2164430267022984,0.027182976428189176,0.04728588869982267,0.026803397857060453,0.026325232279383725,0.0534978165079655,0.009672082634678902,0.013241201375731024,0.04527197612765525,0.047355512075484565,0.02827302076980333,0.1263848396241373,0.17716182216362172,0.01791339670601148,0.013641481713754323
62,0.00982716029534928,0.014555333035088804,0.08181038747436148,0.0610543034916908,0.010969252247075591,0.22763633108695866,0.029939045593666013,0.06027516437377387,0.08685119850849614,0.061626572453437986,0.047756554182574816,0.04482343222874896,0.006482718936005061,0.09312923576076948,0.02320815643707309,0.004097832182995993,0.009411577665142423,0.027056473426705304,0.0833921487435092,0.01609712187657706
63,0.05293165193606671,0.04220074138244241,0.1410339692048005,0.06076768866208247,0.0271870979952496,0.02536527007432768,0.06173911761933566,0.011264329927694208,0.029385185062543975,0.02483736633716557,0.020300607980915854,0.23650493553377286,0.009132651156629316,0.0666293597475987,0.020118130989422167,0.05061807851231041,0.05413881783252799,0.01713184765601019,0.016234628550089645,0.032478523839014166
64,0.015482403768690848,0.3320120676080057,0.023646288005737547,0.18202020093778334,0.11583838326153426,0.020005215733312882,0.016800939169056655,0.014336358662150382,0.01827718127514329,0.009560343071016846,0.0273101449636912,0.043528388904733324,0.008875152320346453,0.017941209804399345,0.017107021425906116,0.028299497366694182,0.06178158377409,0.009355790931274208,0.021177121565998547,0.01664470745043486
65,0.035214385484424834,0.02335828954214187,0.022589844401689645,0.02014777988944307,0.031246331143765425,0.07853604846713008,0.013793386165556134,0.02635189381795677,0.04907056490445807,0.13844617350978386,0.026791836449099084,0.012296664797886171,0.02600108712976729,0.018658665664969744,0.01385877124550136,0.04392668305606503,0.3101739711740001,0.057040293011966225,0.03054922658819042,0.021948103556204808
66,0.01573049347478038,0.014061248044953931,0.010716458835054777,0.04327994512570888,0.021034354414936302,0.040542803762125004,0.010084603513870291,0.05141208321632548,0.0458903629991984,0.3464318411013198,0.02590625459224809,0.01868829145144694,0.0248278609722678,0.12137354302289027,0.04885289008920669,0.01313450508868881,0.00793363335986205,0.07358444137135306,0.0525764833660611,0.013937902197701928
67,0.006026580881188649,0.013012247333427443,0.012055236724316644,0.04104620949820659,0.045100896755214934,0.018310239004218024,0.04141646952259656,0.31806426852341185,0.1284294851332252,0.02406609918401181,0.15886646796494155,0.013067284173824306,0.013615510496779018,0.05077962170493399,0.017667626724435878,0.01773345153449374,0.01697465394641447,0.026958693102203675,0.013645683924567564,0.023163273867588145
68,0.022196200311167227,0.11669754657147835,0.36562801243791865,0.044858500404949486,0.01691794693336609,0.03329612346667142,0.031315284079928785,0.01030019101292348,0.017068161477694802,0.00533010593851877,0.047632852169042415,0.0316978861052549,0.008328321655787835,0.014577569346442306,0.05805302556565067,0.0459086625666499,0.01833662709242181,0.03107350504179112,0.026759060292116242,0.05402441753022578
69,0.20314693246672916,0.04212165211575579,0.01490945112183311,0.012102534046165842,0.01584396733004354,0.012578167467345604,0.044469162771744855,0.2634224892875316,0.008285728500427044,0.019723518118549197,0.013722146480546234,0.0069840661594248,0.007926606598141447,0.00932240269140429,0.019280699856272888,0.023305038297189287,0.22660740301370946,0.03184571915422597,0.01503264758393445,0.009369666939025502
70,0.034476846892387336,0.03170516187205427,0.013030735632053064,0.015578346420345012,0.029718289035905374,0.02982137761827958,0.02768070858014121,0.05215463967211199,0.03083954993016672,0.3331541024679658,0.1379848882912359,0.00994474891492061,0.0213329189878568,0.02326148728263671,0.028558318784570214,0.033808807889131307,0.03187101755520302,0.058543347770408524,0.02626641097384972,0.030268295428776862
71,0.02703079418713048,0.007830552988781514,0.03232158022882644,0.024011141564353227,0.021739545178073808,0.009929854709302207,0.01525166932869322,0.054644105086527416,0.02776484570155184,0.3795806324601951,0.052154400780676125,0.02787417547612945,0.011277705246171455,0.03755771412213196,0.015162846101556372,0.02125481977234332,0.0737236459892149,0.11129375991916672,0.03842606091093166,0.011170150248242786
72,0.03347547188789912,0.018146282168586155,0.01800612492050066,0.03607294871873536,0.03213676930747373,0.41013686441575536,0.03201913008243033,0.012158679308254849,0.018909086600012958,0.04888151769876538,0.039172861173941656,0.045044111509128966,0.01958606762283243,0.06542951416478912,0.03868944487513451,0.006639599150479848,0.011392678116727823,0.04618664988178866,0.0413310976878775,0.02658510070888559
73,0.10691469979897658,0.013274271959167586,0.32156433086273684,0.022270094857038496,0.026925453198583083,0.042308702936942236,0.01599705980804901,0.03723423779208456,0.036356178474402916,0.013649581555840394,0.02615350904142193,0.03291581206813237,0.04566113650082061,0.0203193381336927,0.023845469019458082,0.07946421104380963,0.06374484129887019,0.04343837426882816,0.01719101848279201,0.010771678898352626
74,0.011977924921935378,0.011325436469694371,0.05692667261464469,0.011883591595278476,0.028220216530716487,0.01376926573183029,0.05278990763803988,0.22191120980257772,0.07992830405249694,0.03202970769988475,0.017195291751414373,0.0111475718507346,0.28406319115615297,0.032703917418740486,0.006978749098407832,0.016189023033872305,0.020301187197708542,0.029025628100255118,0.047841026420199335,0.013792176915415394
75,0.12235446629017005,0.009050538567649879,0.021955366869915286,0.02306074678018832,0.012165434041016915,0.1986065572807985,0.1423974183388471,0.022908326200656345,0.011784975773227879,0.090208062816446,0.06866318278221825,0.07554940268970911,0.00991291922066126,0.09369367200260828,0.004337970645790511,0.0326792305707853,0.02490398668062044,0.014038992946543623,0.016772649686422808,0.004956099815724077
76,0.0059625985106015475,0.23733063690023765,0.010791880196935168,0.013205166967159431,0.3432477425499844,0.06957008221123973,0.012560156075414787,0.00712637697415507,0.010022140536928972,0.03001802332675946,0.02609201086758457,0.06358903357763569,0.012896176189120909,0.042496187355573985,0.020217369876415488,0.008143559587928971,0.005183023367528776,0.007229623725735597,0.060522274821478324,0.013795936381581464
77,0.025501840445569867,0.012026105758874405,0.33396918011286925,0.2288063702993237,0.016260061167684667,0.027721259048953832,0.031608945365161546,0.012689673641017805,0.02976238081775391,0.02582426974119033,0.021612076208304583,0.023444080998845318,0.01401755378114854,0.013571545790577032,0.01733931805737322,0.036834076354446015,0.03201052833979428,0.023376484743513545,0.02804472685423297,0.04557952247336522
78,0.021872898675349275,0.06951048232702198,0.1329438438215634,0.334891606901904,0.020020091600103537,0.07114917682317619,0.03452265048493778,0.010306124682435587,0.014878200724261924,0.020527563890176532,0.05140151561085693,0.033709694338337134,0.005947824860562229,0.027045430641677186,0.014520120492553409,0.038150586992810036,0.011221196896034322,0.011169864467498469,0.029111900393564892,0.0470992253751752
79,0.026765730372193246,0.014034310459502888,0.0073369796689724265,0.004022889038233996,0.20115700035719294,0.005298145351340801,0.030719298880461588,0.06935717045398516,0.01474501106962196,0.2853503938975606,0.10224765299998403,0.047237553701790336,0.009552259320476536,0.02333524117433915,0.004468850118781907,0.019753160375487345,0.006146444216380558,0.07975743884174198,0.01699209767990208,0.03172237202205045
80,0.08939608615311595,0.01724461341765745,0.08827366094535227,0.03409739188092099,0.01973151467843045,0.019196418154433653,0.021656678150288402,0.035030270507202664,0.10216344533210547,0.025344737400517042,0.2286622090665679,0.016007659839537666,0.0028300671361043872,0.1117412414876131,0.023181313262029973,0.056803567006088726,0.05944949246600319,0.01382728542108455,0.017914218210340987,0.01744812948460519
81,0.019260288933550352,0.01030414125301365,0.152300823088087,0.07805772828378728,0.018385785708653277,0.17615193253086914,0.05137337398237149,0.010087093623638356,0.01895036218340923,0.020595212165646543,0.04085984104221574,0.2467014030430281,0.002845996025319662,0.013740306740202731,0.021951157494668798,0.06788166302914622,0.019133877074527225,0.005139813386691464,0.015700531499893738,0.010578668911279971
