site,A,C,D,E,F,G,H,I,K,L,M,N,P,Q,R,S,T,V,W,Y
-16,0.030442605347542114,0.06956066568650135,0.08801546247955389,0.04702761707993017,0.04156415742805266,0.03920070882058732,0.031182406839997512,0.06947113082945523,0.08067858334064952,0.04108776105669321,0.07025000109589323,0.06380510349200554,0.0057477455935465915,0.03860896751466791,0.05297351125645533,0.026934759480743697,0.04710408138097666,0.04395616110580227,0.04971143689796531,0.0626771332729805
-15,0.01138559288299068,0.024787397409482635,0.027133846526189054,0.021698497760717084,0.05897892158853141,0.009172847606805602,0.04887266522208619,0.1074967334916243,0.12453688207043907,0.06298123683305096,0.023205364996832126,0.0773314037005103,0.012901941194746393,0.04291046802206072,0.05786005764814828,0.022036917473275578,0.03387753453760212,0.06185148405761002,0.07432256461343485,0.09665764236386265
-14,0.026860086317311516,0.05417090089713123,0.03098457349679903,0.05410599772200667,0.05102717194919024,0.004146843307426817,0.051236424336954335,0.04319735792061118,0.05610641296127165,0.056357902652712455,0.022256929213048643,0.09991210113569994,0.05847218879776064,0.06382602107912544,0.058625519275084026,0.04821679783280184,0.06843248992989305,0.028470814334160526,0.058700519694097834,0.06489294714691289
-13,0.10101492208376373,0.09452083892978624,0.019739254151094354,0.03546068976445421,0.03881493125333336,0.06494425167305339,0.03571829659934488,0.06598830954091146,0.05016102348878082,0.034817886889130206,0.056724332459395586,0.03840031975466412,0.03144709338261728,0.03252417231449109,0.01931498414814697,0.05237517556083915,0.037791291674005335,0.10160104677952764,0.0219996425443228,0.0666415370083374
-12,0.04974110820895399,0.052033565213843835,0.023039697837917525,0.012047483188989556,0.08080640141050491,0.07483306435414332,0.008014669782989715,0.12544318349286077,0.03297808982629908,0.07793941977063522,0.04972514395029154,0.031492682210734736,0.01201740053648305,0.015738067782819776,0.014260788471670796,0.03257338663559217,0.054806353758842054,0.030926265889496762,0.15613416367544503,0.06544906400148624
-11,0.15956755317331095,0.08510172968692394,0.034219200105326676,0.06313766991054463,0.0333800175837795,0.07278039134670901,0.03275611709473806,0.03493473235963268,0.018988773928858154,0.03621212596862178,0.07371154486854892,0.037043105275355245,0.020456861439052072,0.025922279633097355,0.025917577827554526,0.059745152576187656,0.08744757181453226,0.028519149816031337,0.03919687587815875,0.03096156971303653
-10,0.03841111609356983,0.03075695645877587,0.06454364408535139,0.06251880104175415,0.12093890741913695,0.05737472416754039,0.03505546761429781,0.06640537362851812,0.01629825682001938,0.05377825815319912,0.05710413865157116,0.06433793096723915,0.03583491051217878,0.015501938416971004,0.005949468381277311,0.057395233528393375,0.04445564007392438,0.0344859116506663,0.08660695540330314,0.0522463669323124
-9,0.0758261942439901,0.09685704044651562,0.015552512472547698,0.037338145497734,0.05044358669585016,0.07942872945822053,0.050297483927566035,0.07632715569223013,0.013876277710794012,0.03025732685505766,0.043543562769674464,0.03906015155404472,0.03596237745019887,0.06328488031446218,0.01491572066239044,0.0983191212255417,0.04212957457052516,0.04431617474604368,0.035072574276922036,0.05719140942969084
-8,0.051590445604140694,0.035927277329344504,0.09252025973196132,0.04934088178674114,0.04134390682203587,0.04354367774389045,0.01613590940597187,0.038855653034817174,0.06542671995597386,0.047937850036126974,0.05807367666733954,0.03272199700023879,0.05478637995580259,0.030106432338079973,0.059952090614370485,0.038122485332789065,0.04723967881561941,0.0779882644729007,0.06536112245723193,0.053025290894623635
-7,0.030963252593363754,0.05950500095221819,0.022312198391365983,0.08481231224635226,0.05131089746994891,0.051927261532250225,0.04181832848111513,0.048332250047286,0.023724606596508494,0.03552427409906376,0.07925992109148006,0.1181740372007773,0.06039167089166727,0.05396300415013461,0.01748491310081256,0.02160449229768792,0.09085590540022286,0.011191748321249015,0.0673029567438167,0.029540968392679015
-6,0.02989566680629138,0.050431030228898076,0.045810096174892435,0.05073317531825344,0.053010330063230304,0.05123339758841477,0.06372365147931909,0.11401895315231993,0.07598659667130561,0.05358388820857488,0.05277310336230972,0.035735599401712004,0.0646565185385772,0.061718901350235174,0.03997726482159773,0.024800983237157643,0.02501369401881455,0.037310543059831565,0.030953661293529316,0.038632945224735156
-5,0.03787154972860584,0.0401347791833682,0.0707080311992838,0.06080317506806845,0.06285179432632367,0.031646347204131196,0.02906674228918452,0.06814635732864556,0.07416351076585546,0.046850825456207966,0.04849307327842589,0.03778232094180654,0.059848666494624336,0.042177188530756214,0.042110298149038244,0.05449182738082058,0.06759286707472036,0.026378762379627066,0.047470022544470414,0.05141186067603574
-4,0.029580312703661054,0.043700312717071615,0.10516368818317641,0.05181883006094103,0.05856983587329848,0.02878993904803932,0.04814196719233818,0.042715845853155715,0.04388009102237636,0.03439067459991807,0.055653759881732316,0.050034611837574544,0.02718899327240049,0.04758889519854772,0.07438029669702405,0.04647071729072871,0.05099688843979602,0.06943176094670564,0.038481994639954324,0.05302058454155998
-3,0.05195118512491578,0.06622347043859779,0.039090637231606544,0.022322571952713352,0.01415779783786233,0.09811084930666536,0.017453454897244678,0.06835657884111586,0.009777906985569655,0.04417147646594102,0.03261100550088504,0.08968978045634823,0.01701255187676679,0.018724382563765487,0.03287561171221675,0.11096683385943691,0.11020165242714386,0.11065854986525192,0.018366246115096352,0.027277456540856296
-2,0.04631904519604874,0.05370161707593987,0.044052299370147756,0.047832268494925945,0.0462578529203748,0.06339325053498392,0.05941427147018122,0.06630899823009156,0.053481409486095956,0.0420600207994774,0.064728840739336,0.035917825763108154,0.03261595516328994,0.033291950439759806,0.04717853592836596,0.049509232983349784,0.04149620130613107,0.048723918402174805,0.05671306094572225,0.06700344475049509
-1,0.15538428451094474,0.08113834570499283,0.04025820319196313,0.02120359382853451,0.04251996036501485,0.07829526144584519,0.012848652295844554,0.04937947215749463,0.017313690875725596,0.018090294849231702,0.0683033567853109,0.02209319812203878,0.04328838909529439,0.024349967370782464,0.005892502306641263,0.13215314744940834,0.09067188822981774,0.045887991774360266,0.03261154341902489,0.018316256221729357
1,0.051640578721694363,0.015662137466078672,0.06556780910740355,0.0458149414719993,0.027341786211404585,0.02665451896423733,0.05867287903990034,0.0642572214233033,0.06020469163383076,0.04588134424973095,0.04324027888392181,0.09385299078061095,0.0031426226535272773,0.06963309873353875,0.05675158842059019,0.05369440235486975,0.06255579961136322,0.06298708879851779,0.03721428197706246,0.05522993949641464
2,0.06128642948040287,0.04609396119324066,0.06914973261721356,0.09282755698843426,0.008938622235607195,0.0606357681737256,0.09315144829029526,0.004989475633285306,0.08597628549659479,0.005490711164452434,0.02288085569019283,0.0824923232322723,0.041297979509849966,0.06708849949683292,0.05721187817708156,0.059542988299835294,0.055089398842255145,0.003410272878284741,0.04164640660052,0.040799405999623284
3,0.0469501101867569,0.01910630343522078,0.0672803130723555,0.05689810503877072,0.05349075197176631,0.03777688487226974,0.02403937329471784,0.08059727995160999,0.03259678728872956,0.06104132021824482,0.058889034428316715,0.05131750866263111,0.04900656970587699,0.037992824776600494,0.035392366819128655,0.042757866193070086,0.051279908246134015,0.041430002140510014,0.08118713564779333,0.0709695540494965
4,0.03951997706977075,0.03785653602620285,0.04401026452369818,0.03081300262937593,0.03499328921636893,0.039093136266279256,0.08469407306408588,0.04049008801382895,0.058888332230174555,0.06616979821366707,0.06976659402183669,0.059027728479552614,0.047468128840138006,0.06612697087319101,0.02348284307475418,0.03302608576144402,0.05951282848976663,0.06311504355360005,0.05873880707599802,0.04320647257626647
5,0.04545524069622411,0.018223951565364417,0.04908675717832448,0.03444128949718509,0.04687206407677317,0.04904683724729322,0.04960424753120423,0.07329035860220559,0.018289948477368406,0.06935531992351705,0.12472113732406427,0.05161608307332955,0.03133565486155233,0.03018424132100776,0.03775558942117629,0.04243993470895315,0.0384659061312341,0.07084381106317099,0.055603439243612406,0.06336818805643939
6,0.037584536286115286,0.016655976056262824,0.050638076519697074,0.08090932164208257,0.03921210084482891,0.0609709983997353,0.06223799362318968,0.05062417797595339,0.034686014305920526,0.04966100741033824,0.09518119455034584,0.049645058806568054,0.035342491216976524,0.03121080629625508,0.02459615002087943,0.06769575521727011,0.04330038089697034,0.03780577385908214,0.07606516698682396,0.05597701908470473
7,0.024631421151615335,0.023957752336101066,0.06481810649647102,0.05982583511365502,0.048845950374654744,0.035470952359653946,0.06068981046548555,0.05401874891206134,0.02281144630203186,0.04148074185731492,0.07085253204341498,0.0923882477728985,0.03545343424261207,0.04802167330842927,0.018915793781419513,0.060720581295340616,0.046476549575017706,0.039411448825860264,0.02218736692929883,0.12902160685666347
8,0.03757467597152159,0.014626997628172435,0.0797318801463384,0.056259202477719004,0.04935132622391061,0.04477546764951343,0.06254917446345362,0.09781045646423125,0.05844175434904745,0.057785391623983495,0.0714120430848104,0.03351506694487008,0.061070513679088334,0.056202196402416214,0.042570921844738506,0.023634333509136657,0.01906331309722332,0.04339332568390133,0.03372855271873685,0.05650340603718703
9,0.052970532916615215,0.01970684668595433,0.058588483661447054,0.0903695907221383,0.061072154458729065,0.04521930940796177,0.035873289059734914,0.04768017760366977,0.06956590839437533,0.04449540135399099,0.06536733875926294,0.04923100635094193,0.0693109799304222,0.038479197060967175,0.06447382115213761,0.045336348375822066,0.037707517919092694,0.036117173373867745,0.033722648617234355,0.034712274195634545
10,0.04817978217795898,0.04537146736505212,0.03679183417018895,0.05484582388961648,0.05842001135122393,0.04618480672788148,0.04670524119238018,0.0662333229396737,0.05619039074521903,0.07342740986604147,0.08567978307242163,0.023038980761643766,0.024195517405981765,0.05066870704633456,0.029083713719960113,0.02178173582930723,0.060502890303946955,0.049376797692324344,0.06577890883037323,0.057542874912470114
11,0.1762351994897302,0.020413017957977998,0.022107620938424916,0.048159449574478354,0.03409329142820236,0.055106295091791074,0.02367062165889804,0.02930372428401513,0.032495220400323065,0.024751419240751017,0.04928240016171705,0.033151239747642246,0.09011270812215307,0.03030995955724164,0.021302867968772125,0.07235422473658253,0.07640361583497386,0.07646658922592908,0.04759626430723759,0.036684270273158605
12,0.05061882454506519,0.038745958892809886,0.03802433562419396,0.036274557568889435,0.10451810335946869,0.03076822289631928,0.05337328435576008,0.06122345453708596,0.0490122578503415,0.06429270144979154,0.0810224562203865,0.022887307154075612,0.016173287290365008,0.04310909025724776,0.022684232866781822,0.016504944858288715,0.090334106627544,0.0678931291214117,0.04946339342129672,0.06307635110287661
13,0.021799798245731795,0.04482150045063248,0.032418601100924434,0.03731731775635449,0.06334075279873409,0.010978034119626454,0.021158233068103594,0.10151741208269728,0.032856834343821535,0.2711241790616561,0.07150905584942631,0.02569004423443384,0.016053923244072177,0.029588938453410513,0.01271642425892004,0.03447639907888,0.05339556201287332,0.04860740598062777,0.03509353536816601,0.03553604849090771
14,0.030781858262877947,0.3388971449007496,0.06347496440056326,0.0419822438895767,0.03965621036723815,0.02345433360598205,0.04559491504819704,0.0380784495079095,0.03136471034203772,0.025652075084905315,0.0403547978401533,0.029971580028670102,0.01928530828309883,0.03300188468465843,0.029521128720429876,0.03149335723602479,0.030847389827071043,0.02067786038020811,0.024698564559304952,0.06121122303034324
15,0.04007939003827285,0.05493957268482558,0.021244946293929565,0.03012343541671811,0.035274372566417356,0.011832400607247292,0.024535166988797586,0.07592210709921719,0.021103945781364927,0.23884933072312495,0.05486378582741774,0.024446674875158402,0.03557482294027615,0.023555501799307012,0.04055357336990741,0.022324340129139076,0.053199382178695166,0.13476075416018737,0.03710656725025924,0.019709929269737053
16,0.014927388240750392,0.023670409413437787,0.02265573926244128,0.03509211271553108,0.1512127167500873,0.29581294656395857,0.032988423165313065,0.023959965208524735,0.019074643192763297,0.016833451079289234,0.03595335697800361,0.04377968735706761,0.02508155851060934,0.03962494768245957,0.058136538247212065,0.02869317966283505,0.021454647385805336,0.03394318216933655,0.0480631355248646,0.02904197088970958
17,0.011732621014202332,0.02006909443444554,0.020521472770775564,0.04091625754845852,0.09730685097753126,0.013756276114106484,0.24660470891181596,0.016319093796635344,0.07261186092949663,0.02166098076399435,0.0588903962897849,0.04595530513508969,0.01927981235831753,0.0412560960805383,0.12859020860303674,0.01148303299223022,0.021186941029059474,0.032459398528929546,0.042253952171871216,0.03714563954968039
18,0.018706710263858117,0.02607011118222866,0.014025212239197879,0.05576428381887322,0.0420345454134706,0.0182783472889573,0.15718058655750136,0.0769538424020491,0.03726404165952036,0.05173695556665111,0.057756251506368345,0.054961389808969086,0.026723213530362496,0.05893780707118484,0.02867383942839108,0.021907021277491282,0.05221252803313917,0.05692784671957862,0.06151571935289779,0.08236974687930959
19,0.19251740491334898,0.03894293882629845,0.014035754386123728,0.03365317881962173,0.04388360063623811,0.015737929475047856,0.02105738776528421,0.03221190590021173,0.030716931871846407,0.014638144753354171,0.04064051196013749,0.1101237490703839,0.021834160055284376,0.028311917909217072,0.02083504472713404,0.11205428835398323,0.09593336520617733,0.019039581606555767,0.03556245871022152,0.07826974505352986
20,0.05403831078124636,0.021391469673733232,0.017884119944013205,0.03126140649461614,0.09420569545385475,0.019583502270104535,0.030210829899112706,0.06168513720136953,0.050336945727571615,0.08336586881691344,0.04091545226632299,0.0437017543270956,0.03340675258668554,0.024404026538119808,0.023816663482266142,0.02086032332003221,0.053429648889131875,0.22512820776175516,0.03469837327722631,0.035675511288828926
21,0.060243266404817225,0.03240588528677372,0.025448176839772723,0.013988491659931712,0.05170342281524017,0.03334729700744785,0.08133551908631818,0.0366130908627949,0.05835555869099914,0.05881071252796078,0.06871203734195452,0.035996317882954876,0.07312713580500829,0.06328779702115482,0.05066458033104055,0.06929151648226102,0.07508809740734708,0.04173737484167523,0.046739690678140274,0.023104031026406905
22,0.060418062522799264,0.017566708963898253,0.04807046650115005,0.07888835240255472,0.01766666287104852,0.02717337114352598,0.11686453980735834,0.004784168212003299,0.06373556316759242,0.06668007173276114,0.02024936366222209,0.10715627658381761,0.004178468020527803,0.08466237087858235,0.06963350627950855,0.0387748654492836,0.05976125493076547,0.013476223530079746,0.038238182774480524,0.06202152056604024
23,0.046308993697428476,0.025160629987783085,0.029692257050576362,0.03841332541423473,0.016768990309178777,0.30297640541024673,0.04831298992702193,0.021172632404690722,0.03430234693143156,0.026886912820013067,0.04486189271564206,0.08577673180939273,0.056022415073947555,0.0363780519234481,0.020634768048872255,0.022234986085417158,0.021602739715879647,0.0591816672868083,0.033869283060481724,0.029441980327505
24,0.044484136604478565,0.027626438950127948,0.011728599022189375,0.05052195344768873,0.10902264891255158,0.015220871747729266,0.07747333480985262,0.07492858695345492,0.061186837797034044,0.02262952327535543,0.035022492795898995,0.009870695777377722,0.035173502005297126,0.06983327632414743,0.015231070409197052,0.03265782296567852,0.09199122313744462,0.08713532603765924,0.03359481074028304,0.0946668482865538
25,0.0352693020500684,0.03199591865046411,0.011885955602223996,0.02454765136569993,0.0793223155199995,0.016112721375578593,0.03427212468727564,0.08633048190626356,0.041685264946533136,0.0830648979433987,0.0786708360541143,0.03466150913000585,0.020237866593935373,0.03531355953199165,0.053499362795504705,0.03504997056072352,0.011575198267045143,0.08177289172523576,0.11185858908145611,0.09287358221248199
26,0.051143104409046576,0.022453974167147894,0.022026458700669205,0.037961026399455554,0.030372812786143493,0.032861910080037325,0.013348170642647617,0.17446935318068893,0.022890094171607436,0.07804141200888677,0.047635953961463716,0.02443257581092954,0.024687629597046054,0.017041764944270902,0.02708412642966718,0.015579000742200288,0.01958915559472463,0.29043873910649515,0.023563085338784526,0.024379651928087234
27,0.08478753438209086,0.013858649098933647,0.018635049769084314,0.020295714570582605,0.019475466375450348,0.03756742215476314,0.0586579347945159,0.019304649260628675,0.12731859470165094,0.017052141836733186,0.06623411726550915,0.05716774450845099,0.009566725400243017,0.12253980327941592,0.12097652118721931,0.06525042527294049,0.06858306131530688,0.027133781847586847,0.02484425281229269,0.02075041016660108
28,0.08585168767462818,0.02305444940060458,0.030153562336173768,0.027342851046383444,0.018632205212146553,0.07353357192028787,0.013664618834392286,0.030317883747214436,0.037600427131401944,0.04745763402453318,0.05471547022381451,0.021669236921533327,0.03334105614049733,0.0347077920747976,0.022777177176433138,0.1257108565540846,0.2308002553726478,0.045779900801859764,0.021354954351960637,0.021534409054605103
29,0.03629294738205736,0.025913020014872865,0.026351111740806066,0.020219804787691302,0.04926163598383585,0.0174154780535573,0.030579256929453513,0.17246477580934508,0.02476219493331223,0.0523023015391143,0.06220632585610586,0.03620934362830289,0.07110147603081245,0.02056095772308369,0.012922973738600256,0.040887119872258154,0.03563845340598842,0.13780434500862251,0.08622053531659717,0.040885942245582764
30,0.05954146181075657,0.016545703591669292,0.031792343002649055,0.06598880456904015,0.02772840289073567,0.03705345330381,0.037427859344275095,0.03688680591617732,0.0476943408541041,0.06288533363583802,0.061748218509510504,0.0782705749798536,0.007379581893697511,0.05521350984840939,0.0749326198770207,0.06969795324684024,0.08130444319403254,0.07354824332922606,0.030896443731927337,0.04346390247042687
31,0.0701882744765192,0.042010663221022794,0.05778841592071893,0.06463408107279194,0.05628202255570993,0.04654132707915523,0.047069038948939955,0.034679030846100994,0.04599394913111391,0.038512276269543025,0.04251663534890194,0.07146851498102792,0.013493511127585659,0.06324954494849541,0.04364817197306977,0.03513418726428847,0.04527018658236104,0.05846984569403032,0.052504458750532966,0.07054586380809064
32,0.06920476376205274,0.014495961360048918,0.08156338814739411,0.09473636932559505,0.01824930827102553,0.046327377972592725,0.0322247067220043,0.033118859842830285,0.018716743061221904,0.0423824916076162,0.038117479304800785,0.11287964787420901,0.08325351870170143,0.05794171599532804,0.029989649137479427,0.061610632838048456,0.05698282568587126,0.02051586696654038,0.03406118858885152,0.05362750483478792
33,0.0834526629674109,0.008745122278559643,0.03657425665709951,0.0675417135760489,0.055725667154880115,0.07091927490977427,0.05847019129593056,0.03768305591282315,0.05193664377444293,0.062198360148150715,0.0358031313649253,0.03901229210869006,0.011093062355823908,0.08585587320468742,0.08550782970350536,0.01716307879483265,0.022223546868234245,0.05487206071924777,0.02972302397101297,0.08549915223391961
34,0.023203549786048615,0.024784625444325765,0.011705184714086823,0.07693319715826535,0.03270554467216438,0.013345102035838044,0.035919966685251284,0.12178617922794283,0.011732868465536362,0.12145846533258675,0.08651165849632991,0.10511251901185813,0.00846577076195341,0.10554214529181016,0.01316260881967486,0.015208102009442614,0.06700679038682236,0.09443350657042404,0.012814917300361002,0.018167297829277337
35,0.09167072306004025,0.029985227300463307,0.048207306532735646,0.18937023609409423,0.02743015451619579,0.038026072380474625,0.023570743436198274,0.03352107083548819,0.028280197437545476,0.04266377458538614,0.026491995522068573,0.046480267372607846,0.02909658890236018,0.08393065124009562,0.022492552919902264,0.07911355257136328,0.05525650383103183,0.026660090505793918,0.029367373922667205,0.048384917033487386
36,0.08806285646642237,0.11338668983283762,0.023742633773684685,0.05817079306567811,0.034964705747952025,0.016276829106470343,0.023802876218595826,0.05254391043591663,0.03138329880566858,0.025654231789813468,0.030328641192409845,0.05594483241044532,0.015512470918803554,0.01940215822241034,0.016358930974288602,0.01703883242156232,0.035991995851120936,0.29381393685813495,0.02440470356993032,0.023214672337854125
37,0.0675861382473712,0.06960380195442432,0.03162992759354338,0.03977218018478764,0.014490848014395478,0.016262398132322217,0.00843855045725426,0.09173656876891674,0.012046633977669646,0.02898451676183146,0.09118389901711028,0.07826480683127228,0.01025484548096344,0.015204794794253504,0.007996268024725863,0.01344021902297834,0.1625162821964756,0.1423344080014656,0.02198254955559634,0.07627036298264245
38,0.09915830079978756,0.040169132848079055,0.04502945959313493,0.10373623941302397,0.06533473453616746,0.0359646978513928,0.02537811843809219,0.015883365620865324,0.03592112024007895,0.019263981984405154,0.03964297692413187,0.08112542413203042,0.0039786554819111475,0.06217792647403581,0.05042298614910882,0.12567976369170034,0.05745876768788563,0.012561028024760381,0.020927376232060424,0.06018594387734775
39,0.15404088080283973,0.02514130681562962,0.06388995507584229,0.021726069802924602,0.04536905122761187,0.0349110248457935,0.030511709737500003,0.008558045937002502,0.013074315334883643,0.08088723607884714,0.01906603637939128,0.15701236805740115,0.05073692545515882,0.04355568184731629,0.008587625222420027,0.09426585170122527,0.07537217978054074,0.029690151793973482,0.02113831317205313,0.0224652709316449
40,0.04324569497840852,0.02452882916942946,0.016508718337579765,0.09259758945754559,0.05902028912051497,0.008822890878071891,0.018722760374763836,0.06010974455753847,0.04053308038792928,0.089499668197929,0.07682264277234097,0.032458484242124115,0.009634176398342237,0.06731847786591737,0.03208734039856856,0.02426386057160369,0.10009208007447912,0.12642367959587938,0.020072618584881064,0.05723737403615272
41,0.029277634762462094,0.03698243486651014,0.03381594242056926,0.3005140133406464,0.033660213213036604,0.02981514499365982,0.022354309624733695,0.014012906652865198,0.09015483152373466,0.02535265514954584,0.055274572761291337,0.023981921728299122,0.014556556137004073,0.028513637520786467,0.05930031005507314,0.030218522043123364,0.021125987123573175,0.0197503213089525,0.11304190385367667,0.018296180920456432
42,0.05830769529568833,0.01846786253832783,0.04405683771784568,0.03788827025200195,0.05025913659439537,0.026524042146701805,0.024584961233457246,0.03109984652331484,0.028218238679153868,0.24974602730047635,0.05302290808858112,0.01800895551323514,0.04684741456040018,0.058234069018166405,0.028688421609398662,0.02184963693772464,0.05377896514664988,0.0913354045767769,0.024909634363969427,0.03417167190373437
43,0.031568264973635456,0.020105887140114492,0.04686382511016209,0.03541733165302792,0.033260172841764774,0.040614369412769434,0.02782721456239326,0.0649921311480909,0.05964772530105992,0.03782569048978977,0.02686526823347388,0.02939383385328441,0.014406563046623938,0.02959558563138925,0.029680310000683278,0.032277406662334404,0.03209406848043999,0.3551448769966612,0.02270140584104031,0.029718068621261324
44,0.05402326611222444,0.020544159348674557,0.03913728322643419,0.08691132890357194,0.06618051593711356,0.0584821459719694,0.06993714398570054,0.08477515164206534,0.05487232485175177,0.029245324287632005,0.05941971571944161,0.010455039659578315,0.010642480447231149,0.0815436168138199,0.015926378265414032,0.02573983262408146,0.05605176284430119,0.09805216844010567,0.03714924293717665,0.0409111179817123
45,0.054818176312500966,0.030825709970347396,0.09155733234128187,0.012284508449282354,0.02301755020342473,0.04351713729830011,0.07231740096779396,0.1020007499672439,0.03727933592754618,0.03561267879831769,0.02378842340006283,0.05255351898992936,0.030636923902914132,0.03628113427060062,0.06811560220882243,0.09307209658040733,0.09070213606920434,0.0525119780165593,0.017613118169874382,0.03149448815558615
46,0.06161562746350866,0.018949043767237692,0.04906174293777954,0.05571628102438181,0.04570441537934191,0.06241914234359056,0.050146809413226856,0.0473386424294949,0.05034657022650573,0.03941975853572847,0.05281023111257956,0.05595212951011088,0.016694282042450454,0.05763815418979151,0.04635645724137193,0.05966540629424985,0.0696315115194882,0.05378014983295956,0.03428300586361198,0.07247063887258999
47,0.08697832401086288,0.027792705057499024,0.033611427909322984,0.021472690009733095,0.04716075725425473,0.07420753129591487,0.032666623883747206,0.06459700543355125,0.024042957047512793,0.05319185417828922,0.06008794931110805,0.03714156491456996,0.017908037255407322,0.026466310740905857,0.016054788804292695,0.10107600827324559,0.08612353781164128,0.05880001512979401,0.039496654099663304,0.09112325757868385
48,0.02515632556704547,0.01696078042489769,0.05583298515054017,0.0393306723018796,0.06267625645450832,0.05255865239030646,0.05393056775538296,0.06175509152276834,0.072722243078733,0.07171664124437192,0.020422828346175495,0.07282511635091747,0.04863051068990267,0.05160776263506207,0.04391964680168872,0.06566793222108978,0.059278345162367276,0.042763847010134026,0.03271582555839497,0.04952796933383361
49,0.0616345600403669,0.04137303609595149,0.0392180196792359,0.04949512972433773,0.0540600999364787,0.12755165263725288,0.04438812856953533,0.024349754990139694,0.04561900762276163,0.03847952030013103,0.037710726254572356,0.05111804257544181,0.06275295889312989,0.05000287047241913,0.08399058477261734,0.04794647908135707,0.04517441437356571,0.017106517339312344,0.024582561506408196,0.05344593513498494
50,0.06776572363463577,0.028640026473635796,0.019050939327450566,0.053581547851697796,0.04258756696825888,0.006239806899643531,0.06051111556136416,0.08178132055566904,0.08992330773870381,0.059792004464609784,0.06139809766028604,0.02596119174027907,0.03031388329508947,0.06993806336128146,0.051289956147125275,0.04265085466214335,0.068826244547796,0.07354797406854345,0.030325745668669347,0.035874629373117424
51,0.017045683781289803,0.0277349861765968,0.033242341166452,0.10279525927124644,0.037147237185061945,0.04897395019280635,0.031058049182086905,0.25634955659496933,0.03622435836123452,0.10723955592043523,0.03558091737160021,0.032811624812967656,0.014515854759378255,0.02158664260744721,0.014285580830872426,0.021109338248725403,0.03173449138785114,0.04478266648669036,0.05428655351576309,0.031495352146525005
52,0.019723304953151062,0.38377495837679093,0.04367626466903185,0.03894506854441435,0.02999014536550691,0.026627727881400217,0.03506031389551779,0.020824460811912,0.025860590502624542,0.03952853445576366,0.02260890386724862,0.023950685211309466,0.024338750583794398,0.02552052252204928,0.05591748183151851,0.03453810303479488,0.02560633081371444,0.027441153586070327,0.05244083584077369,0.043625863252613035
53,0.07367590805711492,0.018134170770346087,0.15006180638827663,0.09267900875345564,0.022605869944972604,0.09420280195565868,0.06390950174479444,0.01600258079320371,0.03213466688381493,0.023250984064744715,0.023322305003059207,0.05794208646980096,0.014115294038522705,0.05104480257236427,0.027991960046111125,0.08286779682579871,0.03683225945506421,0.028746267229141347,0.03340783651169343,0.05707209249206171
54,0.06383806394974449,0.00787222105051768,0.021209008481532367,0.11352058876642897,0.02048489145586743,0.08596003461390223,0.0554721162916613,0.006185242967282356,0.05120804160264263,0.021714037285089412,0.06211991096131226,0.042678203407677855,0.00897313528124013,0.13051865719030653,0.06677145284517268,0.08550899825089857,0.05257115273234575,0.03480254802224644,0.0173764303776166,0.051215264466514365
55,0.04943050265489135,0.02937636913185628,0.03105362409384686,0.041769950407707895,0.060521241895853735,0.03925796461365375,0.03646670004113966,0.03560332490136974,0.06076794980294444,0.03313322880487755,0.02030007501964424,0.019312765263700075,0.254253488308085,0.04580445898019166,0.029351757797425576,0.029632406449267665,0.04857865080625882,0.05777473041461953,0.04048472330271309,0.037126087309953044
56,0.03523196497172363,0.013907206894379258,0.01415908886973107,0.016290783347528624,0.1233475414744619,0.030610163287797847,0.14120481612863,0.06196758922513346,0.017733953439909064,0.06355074399523768,0.0511903317074677,0.05296905361906983,0.00884749040746464,0.04230677472085905,0.018231870132373852,0.009537432245935127,0.018208891160154016,0.026826153027118455,0.1079740834486151,0.14590406789640972
57,0.061022195807421555,0.007868706583497701,0.036119478919216054,0.05294992291192336,0.02261098023438189,0.02512779051967765,0.04875746142832981,0.07328087079006092,0.0864667583821679,0.08719209450373895,0.031956606703043434,0.1120781464728154,0.0074163115296344735,0.06411712418520599,0.056648846408846265,0.055791767412599724,0.059618950535827296,0.08027963574440926,0.014006497162930079,0.0166898537642723
58,0.022699866753798963,0.02304459142867753,0.020782139742952968,0.02097118915339335,0.051750596047623915,0.036208681308257086,0.023318464442609783,0.2509427312502757,0.03576163990533283,0.0559085375087393,0.031069645937413987,0.023810338526768088,0.013938957608848406,0.03154236748557405,0.021860357173633643,0.022690286215013924,0.019639087629781418,0.1970132413650608,0.07525569380152934,0.0217915867147149
59,0.0250550120960774,0.03818045725692397,0.03210243552203679,0.02199878767337977,0.02433044932571581,0.0158800361419103,0.015561018867387456,0.12164608908350603,0.018510397470422907,0.22934884453289983,0.05951231083183874,0.01669485845406037,0.02713648956298278,0.024701107021641504,0.015363174359650978,0.023226837218658467,0.022252571955143182,0.21033790391094076,0.02981099160986067,0.028350227104962284
60,0.04010943360532523,0.04010542606581973,0.3440686175088084,0.043221184870826906,0.016566009464471367,0.02211037833089104,0.0352393848750776,0.03508408718284458,0.026535444677651666,0.022072219578604547,0.02996108172943222,0.03921972328648318,0.03586396593887065,0.03370568857035058,0.027318774842356394,0.03522512443403057,0.0220719795228172,0.04828501204817548,0.03897161622828541,0.06426484723887718
61,0.02153714833088151,0.020390580952535844,0.03093105597843512,0.04819614508624215,0.024946753299452545,0.26663163685802477,0.023800010141494344,0.04354286267199526,0.02903009718618335,0.021750853961646763,0.032697624966509485,0.02045433453720716,0.01443378687813216,0.02947477506152152,0.027748870347140454,0.025398531097833365,0.03949877226446647,0.21744037435848051,0.045361389557676685,0.01673439646414061
62,0.06693932862847728,0.01809754766688294,0.06925030326713011,0.03952373450861613,0.022260914846715652,0.1454157877054306,0.03333960046813123,0.029492626859179926,0.08308294084141978,0.053309040447333,0.11132021315929153,0.0664867418002442,0.007583874821238239,0.05733852573657783,0.04812047751942744,0.01821516018597086,0.025694823877113318,0.041064860733363094,0.03924962724579097,0.024213869681665875
63,0.05821687084859367,0.015098514753548667,0.04552773869600794,0.06357216127827275,0.02167975491691108,0.06821002443557811,0.06198123514442468,0.015700583319776803,0.05184438395949498,0.033401887887787016,0.05069115401614519,0.19869380014579266,0.018439255245251782,0.06486452464930843,0.027867346858814823,0.03766873297123732,0.06352014964466389,0.01817599176781222,0.03926624062670902,0.045579648833869
64,0.014372538268160867,0.2875999163190877,0.21787257813325134,0.06069548247102833,0.05948400515256805,0.02757440891174767,0.01193641942264193,0.017150926883491287,0.022777983769805596,0.017196343361048038,0.03000070185334357,0.02461764511434583,0.024646997858109105,0.019794598785420097,0.01379216128205374,0.017788404147024685,0.05858075105015529,0.01683537396922104,0.026817895029304303,0.030464868218191474
65,0.04053156822011058,0.03218614436885423,0.024694653727196533,0.02274382611324675,0.03533249198158715,0.037078334383409885,0.03738859036644735,0.040411148165477924,0.05368170951664036,0.05627064362032017,0.08013191495625437,0.030652922010437542,0.018498422526015475,0.03426283496123291,0.030152439500982776,0.09740696328391511,0.2470959474791222,0.03188204515958339,0.03100395881599119,0.018593440843174117
66,0.016072551485661432,0.022096807089618115,0.027179716279317256,0.02871774132172709,0.05987232039553139,0.015761239580067997,0.020994484650782432,0.0757162529874222,0.02552633140659537,0.3622395056393584,0.04702519882436262,0.01997401291512914,0.0505826308324237,0.036484477124253456,0.03612136898165356,0.030710860889721636,0.02159449849131317,0.04113948393703929,0.03326803285133454,0.0289224843166872
67,0.011733319201448197,0.0340174658103125,0.01828403835751542,0.02814736694628467,0.026627324881613887,0.017494930788834104,0.024095110164432543,0.25858331465616285,0.10778338113633744,0.07068393506207543,0.15818052915061737,0.02040453595372539,0.017257064975142292,0.01638322022733926,0.023736643726192514,0.02115419326241731,0.025854955207001526,0.08085745720514988,0.014974521420300105,0.02374669186709738
68,0.023588271160432796,0.053774079302310686,0.35486172605955657,0.031008743311800657,0.02572165834097337,0.03165663171885632,0.0232560647519804,0.025784614116444244,0.026527418485865466,0.01749597347169603,0.04177658337036116,0.030756640291277115,0.022454336722847943,0.021688460451344833,0.0379646802313065,0.0452189134534623,0.017935387436688936,0.08194863967975026,0.034225175380896554,0.052356002262147844
69,0.2749445130213515,0.07072554385893955,0.03891705159290509,0.02475735845554614,0.026130722831920597,0.026741153730185232,0.026226891656705234,0.09047707940925487,0.03391915120430506,0.017926723607876296,0.027365949821464813,0.01740864956129849,0.017190931652193774,0.027823278627725604,0.04127588171871762,0.07583298290006978,0.07262214829476486,0.029144132399709338,0.028775557045264633,0.03179429860980153
70,0.028152751920569003,0.016734483925294873,0.013280084906139153,0.01764095778741482,0.024051838354215687,0.02726636356420102,0.02030560671887093,0.17484384043116008,0.02242732482105754,0.3036694667106839,0.07577855189343942,0.01729866975307945,0.03605449732391044,0.05189494838066394,0.02259401624551322,0.016052021362905244,0.024570986998356983,0.06115017188434659,0.022744390727021068,0.023489026291156605
71,0.02431082129787225,0.020943516505563448,0.02659170435863546,0.03014551554989599,0.0428723052110454,0.03235997939732398,0.08604852884134322,0.0714320023069333,0.06404230715963383,0.2811958303497224,0.030391314642543868,0.03791970699966032,0.018911066665324976,0.0341906640106918,0.01402560588940075,0.025821832126106888,0.03337531723381167,0.05205537538530874,0.045705844441496245,0.02766076162768548
72,0.018172419440954123,0.025967490226339488,0.03730163303702391,0.04415293335117985,0.03216122016382968,0.3550405185786367,0.042254145933362214,0.029748052428095435,0.03813592694194159,0.028042640298480467,0.05616636405915973,0.030486243855877084,0.014141940939924172,0.03246663167093947,0.050680378405953824,0.013692313212886614,0.023384567153755254,0.08060459877362043,0.03213912946951512,0.01526085205852485
73,0.13632413325709827,0.019558661290255918,0.3101211002994577,0.02833510473164892,0.018470224951911106,0.03994188514400738,0.014959202912023073,0.018361781144722245,0.0496512798027019,0.01664303325518505,0.02929338129932206,0.02855163002477944,0.019661633825525947,0.02722199078614655,0.02183505089917132,0.061352677585533394,0.04057438543697904,0.06234231873367937,0.03126935795162865,0.025531166668222683
74,0.028323098399373667,0.021933968278147187,0.05175858864654037,0.03237734699896708,0.05277971279103025,0.021512742102529892,0.05344188249381304,0.05276936814594931,0.035913204185615305,0.02049743891876769,0.01799169988017065,0.02628016481210563,0.3324573172935057,0.024743769983618675,0.013718816418717328,0.027043411964975297,0.027065581601794245,0.0331782577058009,0.03809613621251004,0.08811749316606776
75,0.06131242125920335,0.01002033506363151,0.03970481702868539,0.04487355288301705,0.0211090836129135,0.11885164693714823,0.1394305874183989,0.03819260547539652,0.026908719643347134,0.05747026669463717,0.0719107931940625,0.09311731215325171,0.013473371440691528,0.09935725430404807,0.011945326802772528,0.05859971237197772,0.027386680113235928,0.028225962550876543,0.017630027490507228,0.02047952356219748
76,0.03470198766991242,0.3400807299775031,0.019488861514125752,0.03024608530302286,0.08431108886369881,0.04803370865779303,0.01753208424212258,0.026570962914007276,0.03161997784531458,0.04401886137096736,0.041781916498608844,0.04194613848264412,0.018174943344555418,0.033421755342600966,0.025631670247195412,0.050162508445442455,0.017256769464996127,0.03269497925108255,0.04077865857928087,0.021546311985125466
77,0.024097761060509686,0.013470275232348334,0.31458188798030046,0.11838985591583372,0.02889379333647292,0.06010326302957314,0.026872494543052572,0.017023663329661164,0.01718787362300257,0.031663341973612126,0.04372910980434641,0.033533604093466,0.03137526134057809,0.03127819816328217,0.019739370708330484,0.03126893219884825,0.02883317563544875,0.030181755734285744,0.0484866796682398,0.049289702628807615
78,0.024907714687540525,0.033110615842768545,0.12490617864237497,0.22841727457778063,0.012353956313498176,0.049408318091028115,0.03637457343223355,0.014279565298628885,0.026447557007680228,0.020579468809489593,0.02310307908536606,0.04282345517186337,0.01709146279358073,0.03520460629656871,0.017483191524322313,0.0403295627086599,0.02762885364629906,0.15536261190252834,0.024330693061040017,0.04585726110674826
79,0.019484356126644193,0.02111541367308541,0.028521725254509595,0.011323156392300505,0.18357998308124987,0.007864807998255952,0.03726941682163131,0.10028297934192835,0.04927790676823332,0.26264036996779133,0.06754724843754274,0.018309453575698062,0.012295950871944924,0.02352581403236488,0.01639684746215349,0.018400180109166067,0.03376362663949227,0.05370797501597958,0.012443158179058013,0.022249630250970136
80,0.09936335409845161,0.01675677021621792,0.04654190560416951,0.08765075530374959,0.012247622039876066,0.03477789056731815,0.05383806664659232,0.04625982171108417,0.056144236777672274,0.030252050554728738,0.09377831771289706,0.05296037294310837,0.012160655997191567,0.15090033780486808,0.03297659434910331,0.05605422550804129,0.04384082303882005,0.03180747360759873,0.013369365061466555,0.02831936045704465
81,0.025674343635914115,0.025448757433411063,0.16134949158382048,0.05680320290770055,0.02837831673232022,0.140964131141411,0.044303252319959054,0.015234931290411147,0.02638973728216193,0.03151170385803218,0.028290125223663695,0.20936317492615655,0.013195449055075118,0.057705823287355934,0.02171431122974049,0.03939272905148005,0.01975568304251477,0.01780311327587197,0.014649528700906453,0.022072194022093206
