site,A,C,D,E,F,G,H,I,K,L,M,N,P,Q,R,S,T,V,W,Y
2,0.00431028952899471,0.1390452437603509,0.005275024051220957,0.008595625269436209,0.021876300709759752,0.009291316617709116,0.1042968920042357,0.03944867533101309,0.04313336367641346,0.03880972032150958,0.06418557498383096,0.08817934051218485,0.013969349011417836,0.04167144524568811,0.0063922148055271305,0.053322035420489404,0.07147576740224344,0.073690641481175,0.006628924742362033,0.1664022551244377
3,0.1454170706108517,0.014132841265022468,0.08197718334251101,0.033890417188538434,0.02050704380491967,0.006291179045857958,0.02767698778235921,0.14822389569197678,0.02274789695722591,0.06423837117448417,0.02388619942198539,0.07113628441636978,0.027402561117796122,0.02066605408898038,0.09786848841269995,0.01235137382878633,0.04498845567801174,0.0825823904320329,0.004037751195388923,0.04997755454420109
4,0.10978481626078569,0.004803707285108443,0.010746547146828758,0.020483362039733447,0.006656069428721729,0.007384418244709002,0.010650618832670919,0.008068420334460395,0.08818885568849351,0.03403459590920618,0.19772756062859906,0.10271745894136126,0.009684661374540342,0.03728406688658428,0.029498628453702973,0.11285711458594261,0.10685581152680064,0.0706656008783247,0.010104346873734255,0.021803338679691836
5,0.08823024710795967,0.36042059447922076,0.0005981808334370376,0.009307866242653005,0.1298390666594432,0.019166553111926166,0.045222660346190234,0.009619688683293671,0.01498976001604342,0.13965885577866174,0.026081597307436265,0.0007888063545134553,0.0019213159461982157,0.011965967346450071,0.005115036235945561,0.00026007275195495395,0.010847115667214524,0.03361735595440718,0.05738513292685946,0.03496412625019143
6,0.050389056679920656,0.0335934260341099,0.021832908203697435,0.004777530466016989,0.33216186913089957,0.0012103544437391835,0.004955961265175598,0.01871229970243538,0.0019914584772363526,0.2796163800877351,0.03543049940284179,0.00238440471556106,0.005072245341195966,0.0030831953719586067,0.02010754720931812,0.001574909857985502,0.0039548830310727505,0.09119815110457741,0.008424901542222705,0.07952801793230006
7,0.011363224365171001,0.22145789544683844,0.002358677608407137,0.013606335562545315,0.2027969575040113,0.0006275590201705461,0.0014338890312949454,0.01661911919014517,0.012384265912887098,0.15396103133872716,0.1168528546678335,0.003318219650830399,0.00016854544784380296,0.0030370116723962798,0.00654203460746865,0.003066837319090606,0.00921524942402282,0.07150041515932014,0.14410799237136052,0.00558188469963513
8,0.013461020694023057,0.020295651774896593,0.000895647892637475,0.0025845643448207684,0.09569427595708901,0.0013392240236487867,0.015047243308408993,0.20256238605050012,0.005482538346848159,0.40026164196427255,0.0808808164042875,0.00702378894927624,0.0023192202582109412,0.012060392495311371,0.0015670661619126393,0.00020890296944189898,0.00045211769842412944,0.11352365076782071,0.021441166335526854,0.0028986836026422616
9,0.0021470358694189997,0.21330685411192,0.0026397634007295015,0.003740752914030287,0.022622576041709207,0.0015359960442542355,0.003470280863493615,0.03598091376190934,0.0009270964979366411,0.33194276689551144,0.008939478639372686,0.005558185295038302,0.006549848709850745,0.0014231791825663346,0.004578685736777765,0.0017798794578417264,0.010794023266441381,0.29641805265380183,0.003875202127114249,0.041769428530281684
10,0.016237657209205083,0.028728938905748052,0.0030426708528742074,0.002899422737500035,0.13520144968503522,0.006584433213298802,0.022099177836157807,0.17166633302486625,0.0009433127254343258,0.16578953400760524,0.10118908818440953,0.0010399994157288446,0.0008294960111358976,0.0015342957515720726,0.0017516550420433377,0.08558964479030517,0.05647311961833731,0.026527284944651786,0.005690269651608122,0.16618221639248285
11,0.05442366876841803,0.04820958602829433,0.0004548268444556632,0.024029409146079126,0.2503696099786888,0.019474130778345047,0.10103827697579915,0.027380324484932803,0.0002667634653949567,0.11977652368213128,0.06641710775250635,0.003932152453105538,0.0007254323132944986,0.0899722748839895,0.0014021918161617334,0.05269046408476194,0.011842214737448177,0.060713722070495614,0.036042458272942106,0.030838861462755347
12,0.13089076753045634,0.08477024748283664,0.0005958882909469827,0.0023745452757708775,0.22456020790738362,0.00023079094499475048,0.025170705834868714,0.1852468175438139,0.0014708465279815322,0.050469113362295315,0.003904264003985922,0.005647910083056239,0.002814296320402993,0.0023916290168893395,0.005699851533919962,0.02130427067663911,0.024038050579884323,0.1847096068225523,0.0408346788030889,0.002875511458232432
13,0.05247549500437396,0.04037074240383077,0.0026710426340977138,0.007924636936905037,0.00560835045088917,0.0012910763128931378,0.03698558801208649,0.029208787984689347,0.012784400366668643,0.011940195824184567,0.06837214932138468,0.01899510105409575,0.003287630849285513,0.007595512857545961,0.027926809628605956,0.19372869558616523,0.11569774552137385,0.3485320022871831,0.012176041751484309,0.0024279952122569677
14,0.2378306655538546,0.013995092104367668,0.03286076031045054,0.023315022134125448,0.023922555567025505,0.099094916506184,0.01706420897419994,0.008298393804034186,0.015936980786351748,0.0759805360500816,0.02267030799120873,0.020318811936444373,0.005366022741604388,0.20090531400546843,0.06972806649629577,0.03219678218508296,0.022723333030488475,0.03572776422451606,0.029418565446479722,0.012645900151735787
15,0.026520690771188838,0.004993436050564126,0.005515428058689227,0.0030122150375331094,0.0027073077262828663,0.017152347355850764,0.003017629090676604,0.1568591191722212,0.013645294679602654,0.0003313408366653345,0.006648727373407013,0.006301512401783276,0.0028942518422859533,0.0020467477696173796,0.002413326125941985,0.06434310911943719,0.5588108984101338,0.11350835780792252,0.0061378826638758014,0.0031403777063203704
16,0.1830847352765518,0.005668062787238816,0.4456459607010282,0.017198629754596125,0.0028858223542989818,0.026737605798907545,0.07461564215102622,0.009740801710216159,0.01996559473164079,0.0012931485518016892,0.02491729868848326,0.023483964407361394,0.0008308327214147077,0.005754637175989687,0.1011967708536539,0.011282081759850016,0.011657728167097507,0.0016160564295764355,0.005975397448383228,0.026449228530883412
17,0.7590295804199957,0.012348247978759394,0.01345708414802004,0.02589153941150868,0.0033616490408587166,0.06479474656571882,0.004856406089021651,0.008795254350794335,0.0031310005367272097,0.0010883716252026744,0.016262566064225575,0.005105439856742153,0.005492516870016034,0.004892910672360122,0.0018510450538538525,0.022195207722160316,0.007210358885498009,0.02242723813830289,0.014027179785835833,0.003781656784397918
18,0.010158709498649648,0.0015989030828413634,0.764640614207523,0.011034660301124377,0.001643702699255879,0.012415953396894658,0.0026289933143338272,0.001675372852592365,0.00510096509110876,0.00041472183717988325,0.005861992577216239,0.01594685622820661,0.0030792828120573667,0.002676587525196676,0.00040800962149925335,0.0008993361753496871,0.008272673145590692,0.006693698860409572,0.004453401665265708,0.14039556510770423
19,0.001346665426670464,0.0015149657356238139,0.010657144605894779,0.02105748916390324,0.01624399579641408,0.00013147521630018388,0.07630026497255529,0.004101638672396915,0.07390216261249398,0.08933375848213254,0.06850057392444574,0.018544119468023843,0.0003435765522360752,0.05466560206625041,0.1598180470175606,0.15772008520888456,0.12226109136456453,0.07219993863265096,0.005463827255698593,0.0458935778252993
20,0.0006937968898030779,0.003033977284267995,0.006676675320271781,0.0014642029764167213,0.003062160486854677,0.0005084463174528596,0.0019065273213826825,0.8091002011494738,0.011300961499700585,0.03025701326778101,0.015565463269361075,0.0011716961558579824,0.02861575835884166,0.0014124729048295163,0.002252459971581109,0.0005946384425645594,0.031208434228189932,0.04465852333353491,0.004054949597160182,0.002461641224673924
21,0.0012317966890190788,0.9506249967257031,0.008352416232495923,0.0010499588043998878,0.00872853771426013,0.000984902434844709,0.0007453429273711817,0.0009754457712066602,0.001744324808144932,0.0004472798365609373,0.0025099635379098838,0.0013015875815043426,0.0011545492072920038,0.001214934351061618,0.0037424913887979063,0.000755806058054626,0.0007803733719928254,0.001525432774416275,0.007957474336371497,0.004172385448592706
22,0.003504130213892813,0.006035856715047413,0.0015792642146411767,0.004922213446391948,0.001213633325775915,0.000586822771234069,0.003922664492219508,0.9345239159044504,0.007739925621227471,0.0007995721340848821,0.006137152177104112,0.0006716896024511132,0.0007330655418336173,0.003544934771469071,0.000894194209286542,0.004508643400710823,0.004848299653294961,0.008083961991090587,0.0044549532088485645,0.0012951066049450089
23,0.001412473531124243,0.007037435170679021,0.007395597437378407,0.0023940940910675795,0.001170283279439902,0.9436441270414043,0.0013980059400825965,0.0010433093676571498,0.003971617719199856,0.0019782990327062316,0.0038364803457667245,0.0017604637208759463,0.00031730801482807803,0.0024210320017102097,0.0021761154300048353,0.0027941300090547007,0.0005170457947362672,0.008673038001414762,0.004508739471274746,0.001550404599594618
24,0.0037269111046913032,0.006938357388115657,0.0018437089803264818,0.0016635841050752474,0.092235505413462,0.00016548630674032895,0.009661414601774256,0.00172048666513289,0.0066676686897622385,0.0001531562257733156,0.02610591645881676,0.0016768682964421126,0.00015832924116100045,0.013354685459786646,0.0013771848528080074,0.015280806902517513,0.20079917217793283,0.012108560699993727,0.01997069338704438,0.5843915030426433
25,0.02570083936296831,0.015219730428558178,0.00665513494983206,0.004004301399713085,0.0008933463915344287,0.0027184137661794804,0.582566091817784,0.007586783275653268,0.0009100650003063442,0.08586244222958579,0.013277539669919214,0.020891114129852312,0.0020874334262183866,0.143507261200206,0.0033499338120271615,0.0032033075270919624,0.0143583406595377,0.054503223703533665,0.0026485933652294034,0.010056103884269314
26,0.80051789391724,0.0013395250516703304,0.0011060362658793421,0.01257896623159129,0.0020578778237603863,0.003046226783414007,0.0014634619779622284,0.0026424709708449327,0.0011358983204761827,0.00026730109324524286,0.005550045128999669,0.044977849287313666,0.0001875231681029123,0.0011908331988786207,0.0005384149595407793,0.10822441897234125,0.004411254484809742,0.0029552612071126715,0.0042980561905323735,0.0015106849662843067
27,0.00068747840312001,0.0009423627566407525,0.022641792759232157,0.001383425782724823,0.0015591914288651408,0.0003739759651609157,0.02704053526531942,0.0011154331230975834,0.004126042912653905,0.00017685799609660772,0.0030969503154923885,0.9111996919291533,0.00021096952215437958,0.0009790686910726872,0.0007171432018374782,0.017600965436581642,0.0007734262312766573,0.00028593828655535964,0.0016576472191188723,0.0034311027738458864
28,0.000278953236486607,0.0006431123502014068,0.0029980630302307416,0.01133666921741589,0.0022802465996810766,0.0009186104035027575,0.0005705710965534917,0.0013226068224750501,0.002798477460305616,0.0001197560122031908,0.004095081172476887,0.8093562695983364,0.00019049512407515946,0.0028582177386094667,0.0008184505624412522,0.003811403527122514,0.0008430489086058702,0.0014110046918435115,0.1520795761319155,0.0012693863155175554
29,0.04527133180883993,0.019722592194167988,0.00045224681177734533,0.00123497405792635,0.0014303242946707687,0.0045469255785053385,0.00407569316867305,0.0005866381706049012,0.007541210127954012,0.0007828009539772477,0.0077796341830319235,0.09753448715123762,0.0034216214830481463,0.0021115553455116256,0.001184852940692435,0.7573917450737672,0.0053243981139435735,0.003576600119791605,0.03249105069908535,0.003539317722793657
30,0.0030029923882126885,0.002544332570478748,0.002260451861406337,0.0023180860486381387,0.002781082957256266,0.0034444357459289233,0.0028679468761462997,0.0028986562062066254,0.0012883555923380275,0.0004823410030302103,0.004354271230573337,0.022407309431896758,0.009007661811405266,0.0010743077184613258,0.00029966098158461745,0.05254082256004735,0.8769249686098726,0.0015846173998369008,0.006232226235691785,0.0016854727709879256
31,0.012123481106686476,0.001387228970045377,0.6878697162747048,0.06069637783791996,0.003603072345202974,0.0015406766595878606,0.003593478994109705,0.00709749465775615,0.0012337201924610625,0.0020281486805595896,0.005393305248716626,0.005792339799204808,0.00036650245824225203,0.01490911066769079,0.0007131421040425912,0.000742926457900074,0.15406508168315164,0.01691143206757453,0.004459457036112756,0.015473306758329988
32,0.005318986873193224,0.00760101960510923,0.005599645062928101,0.04743290731010596,0.002674441493479203,0.0003955458109153333,0.001224763094915483,0.027872171181149662,0.0017084989578169812,0.049055345453043804,0.10198746522082357,0.014956047176232222,0.002787786731160209,0.025672456332711212,0.12238692176201639,0.00880434954156715,0.530241699609184,0.03639167241868629,0.006713823193549223,0.0011744531714128986
33,0.006490296481693903,0.006766528398711505,0.0035730034450699977,0.004398734973357041,0.007547078913194998,0.00205801244813934,0.0019970637418181667,0.017094030800066624,0.0009189352257409665,0.0009873312167896235,0.0036844065473610847,0.0012315663560501023,0.00044340648741086306,0.0026665454109491833,0.0002215476902916005,0.001301814219055913,0.0011344869494628077,0.9315797418381732,0.0038128788178829237,0.0020925900387802096
34,0.00507724073510795,0.002835126513286554,0.9217245232686745,0.007874931413726773,0.00216110690001211,0.007967330526854688,0.004127404772493059,0.0015527670243871319,0.0013671134823183015,0.0008768118206184539,0.006310629464803902,0.010739414726839973,0.001261920508839058,0.0025317287859219734,0.0005405726304970263,0.0012253855396045727,0.006378855344033588,0.0017000737105625707,0.004091106029194069,0.009655956802223788
35,0.004834374299373054,0.004127677820201817,0.0031828814869312425,0.0022785481746020924,0.0019134174265586057,0.0005594719871753305,0.0061854431301798275,0.008466717388930465,0.018054938278272297,0.001039695764833182,0.005133319366340489,0.007484526320124092,0.002122704939283376,0.002205866542576007,0.0019104056797864543,0.0027494342825398026,0.920157284663254,0.0011869650717047573,0.002670065496412503,0.0037362618809206895
36,0.022465080419044676,0.002490394629215796,0.002575856615003309,0.0019252215118110109,0.0053304690409016475,0.0007271832968983892,0.0024985491546818126,0.701607745798885,0.007865240919087043,0.12454990586171194,0.025604811919108267,0.0009588201953110931,0.018702173479462146,0.0030290505014601613,0.0013144815408895436,0.002050972307400654,0.03655995857640286,0.02747814569157903,0.004068408618908293,0.008197529922237214
37,0.0018841016994238654,0.009943964282113901,0.016212703495761666,0.004366806754684224,0.012213036652103612,0.0013693057424891137,0.0008128138023514525,0.012134650076436418,0.012262298156103392,0.03628436755011513,0.00865324872892391,0.004621980214245071,0.0014531459207363648,0.10219468856758333,0.24533816021482235,0.371248309060344,0.14041582579448092,0.000540502498159988,0.005044425157497691,0.013005665631623668
38,0.2753438749776928,0.0016787904066594644,0.012809710277571171,0.2020750274318763,0.014412332973346119,0.00310497829576435,0.002051324086521801,0.0005242955183189853,0.0071934242885076174,0.0007025941469879344,0.005330737417931944,0.0076128219313926935,0.0003244861519828414,0.4354898701371453,0.0009213941172110666,0.0113496717444949,0.004094391461602206,0.006191429295388475,0.006664772913032857,0.002124072426571288
39,0.024109297435915625,0.006274146462075809,0.004449149965401521,0.01591232165723852,0.003040239471688712,0.0012822149331279972,0.0027269631138438417,0.00292170070289997,0.5415416261257023,0.0005755039465169448,0.025678237194368903,0.015415121440105437,0.007938628342176485,0.0027676313691361756,0.27965799558664345,0.0019256232000976574,0.04920132978884905,0.0031134237460874147,0.007754230768929871,0.00371461474919416
40,0.010116404420986116,0.002908490187244463,0.01351459745019129,0.0812673286098817,0.005025530120114774,0.021704742228230756,0.0158622507906937,0.0017165297014208453,0.011196056542441846,0.0007548450575183598,0.00816350666148252,0.7552656247394944,0.00047299144770595176,0.021044425376930024,0.0010479657299678603,0.01141354889665661,0.016035148218768485,0.0012728893115961331,0.00481127844055017,0.01640584606812404
41,0.01756867862267066,0.004914357027860315,0.003078773550285884,0.013185188186909955,0.00426581459152993,0.015864556157974736,0.0030093108115802295,0.07201933062717115,0.0022215913471430072,0.01585630636775826,0.013773694484977296,0.009561271599874105,0.003891854753934916,0.0021149034827625695,0.001724204963280905,0.0008657603221736723,0.0012069069181588393,0.8057962906007715,0.0055979294991284475,0.0034832760840535853
42,0.1233528429928445,0.030280456917272613,0.015040241307135762,0.03918756760920153,0.028627618368148144,0.011543951720964493,0.03107926547545792,0.15292611480668308,0.19922213678108702,0.011942696863454463,0.028845764103292273,0.0031760955960560117,0.15401955400318404,0.024590745922870593,0.012573478506233618,0.032851530047333606,0.028082979565313294,0.03509215768334012,0.01889576990345947,0.018669031826667418
43,0.029666650652697916,0.02478756307780326,0.022535754243836924,0.03160565070631882,0.02619222927233662,0.015334951035040427,0.02101357065422728,0.029063427995363583,0.028567728503756374,0.010251657633457154,0.0346916062953284,0.02801423270894687,0.028581337808585166,0.03187105545104393,0.008224595800639679,0.01851521863017443,0.013831009344814897,0.54161559618381,0.027406028652101313,0.028230135349716964
44,0.008164698646098256,0.0019281586438146035,0.0034833763357425586,0.005695989595460344,0.01537023724618194,0.0022822579755440594,0.004029255318605082,0.02252277440295752,0.006781957608962878,0.0007765962535744557,0.006652002878802646,0.001987931724011447,0.0012516739432629096,0.004535707529213323,0.0012474756393981558,0.009487673997864916,0.8889905157333754,0.001645383670595118,0.0095231258361042,0.0036432070204301926
45,0.03566651899843967,0.0038410757361833545,0.042964980779668954,0.005545754019411085,0.00961042843730437,0.006054533284994036,0.7726512180948607,0.0016593626880256698,0.0017384752239139904,0.003472752385931168,0.007176359656172079,0.009315951332964747,0.006434643451293562,0.01901963869290502,0.004299459421729127,0.052592605936303514,0.0018568225052162629,0.00114490061384222,0.005185001677595774,0.009769517063244712
46,0.02814956116371144,0.010039835659264923,0.009505802199817179,0.004068759369553866,0.01760822666212154,0.0028824747468584495,0.010634514072880236,0.009599595934052877,0.005074437367421449,0.02009137921528845,0.042986286224623145,0.0062453699541303205,0.007930446297947468,0.009442723123448777,0.0041126390426793205,0.7481415639367407,0.021224828105107684,0.004485859951097839,0.020083049148586354,0.017692647824668024
47,0.025726780737768642,0.0076643234303662745,0.007388371388890601,0.0031621360611202146,0.06692316357581074,0.0007225353981594497,0.007624608623465392,0.026622611770831844,0.11473926875469613,0.019221733618976916,0.01801649413268334,0.0014126907786725562,0.0002437326260915345,0.057638568959482966,0.014825504075398338,0.014701056036680977,0.04427842267776497,0.35516772932995183,0.0034679420749427654,0.21045232594824456
48,0.0011336934701198253,0.0025628168896328915,0.017425752198491098,0.00509384804290482,0.0032901280574773755,0.004717961387683097,0.0010807880338165076,0.0015012459555657377,0.0027183886543708197,0.000592158207785578,0.004093122662861524,0.70697893925965,0.008646291988110946,0.0036097718189913603,0.0012401722487073513,0.148182742975264,0.06791664204215492,0.0028446702448841708,0.015294111036645639,0.0010767548248824088
49,0.00047645359919686194,0.0024094464932139363,0.003215389793520913,0.0032912026969476303,0.1657041777600744,0.00029845232980142607,0.0015997518501766912,0.024743511924358873,0.003108698714471615,0.7666110836120211,0.011231082193523608,0.0014003831253534863,0.0015397953080907186,0.0036414343623982874,0.0011707814468449411,0.0005392514100068067,0.0014624525989072868,0.002118198254793581,0.0024227737758021426,0.0030156787504955797
50,0.001997861115450055,0.0030468018880028514,0.0015648622774797174,0.0009263223298976173,0.00752792654207633,0.0003542296880085715,0.0016936608614929129,0.00604435413384708,0.0018700948096297568,0.9180205229580051,0.01644783377708445,0.0010786329669237153,0.001627498619542073,0.001154677959476799,0.00026738223654909334,0.0014328083684835072,0.00030984327440501794,0.026867348459182695,0.004167324087834709,0.0036000136466280996
51,0.2613684981162559,0.18990286842992768,0.022782254083607793,0.20661187602879805,0.00045909069108067993,0.007010088873922296,0.003582533209573985,0.11762792241808141,0.02056303369082653,0.0007303645382484162,0.0032711548950591623,0.0005431019460659625,8.064510180968175e-05,0.03047834604089887,0.00014944558053020963,0.000575565325162641,0.09501645737248025,0.036606022351752775,0.0021089153360791023,0.0005318159698385435
52,0.14684360185996978,0.0014397851792152638,0.15388373374203593,0.08712635327077535,0.0009634053629903784,0.081166887669281,0.06807938816762109,0.004037385922151532,0.03547669575748517,0.004424697727889452,0.026932754888786613,0.005178306007363361,5.772824064271332e-05,0.0027430310754688607,0.011050791185301395,0.141441962545867,0.02720507788724259,0.02836957903922403,0.0022459715913069364,0.17133286287938157
53,0.040837356619833,0.005383037556290698,0.015270150703270877,0.23157961068977376,0.011587201925505296,0.033069682953465594,0.018034919556356,0.026837027342537415,0.008245144740423828,0.02924642037631038,0.17797770227742396,0.024789349861008586,5.943616724810607e-05,0.04706516383469272,0.03810313541625363,0.05736860080439338,0.1922376761689806,0.013254678882657606,0.010602382924650747,0.018451321198923773
54,0.10518655015893053,0.003732606871605317,0.004009243021934831,0.0034157945552677985,0.0018946944072025446,0.0022898074518856366,0.6424798718895215,0.0013739086716131343,0.0012685501557875554,0.00022061043911210466,0.003978486004547356,0.012748152424942193,0.008021102910902642,0.004293380464210495,0.0061633595797302475,0.037801520245245426,0.12140730798951353,0.008520938534332367,0.007747487850360301,0.02344662637335446
55,0.0023209848213454586,0.0015317350819613839,0.005354604973932629,0.0015348390754298237,0.0029154871726595846,0.0021370121405818007,0.00424012039950128,0.004962478341684728,0.017440361510564915,0.0005957705646510527,0.004406383091702615,0.9104456910085457,0.0003981185592343418,0.002456476534750795,0.00043557172752658547,0.004350170207588167,0.028792451177917306,0.000667722226056221,0.003222875486500456,0.0017911458978651313
56,0.037442468936345126,0.007214788437020382,0.006420154238228626,0.07737589032868503,0.0430101822014012,0.38481018472696044,0.19958109781145095,0.0009464209321532665,0.018874303833450474,0.00032656595927677977,0.01061330561617243,0.017271785017521076,0.001156453824990894,0.04583536538873532,0.011030834663942774,0.07869120320661017,0.006444100505440978,0.0032863551992575965,0.023257813046196202,0.026410726126160248
57,0.2173364659030237,0.006284719874903134,0.0020089921448684465,0.0006202294159776728,0.004056029827503382,0.002072747869601405,0.12542224264427468,0.0011786958926685573,0.13206241259200602,0.008555514900754381,0.08893687555811954,0.002331200952386808,0.0010617792835103353,0.19266755978925576,0.017682872213556657,0.0004011258796507173,0.001315266115682631,0.043574725344293484,0.055602680162908674,0.09682786363505395
58,0.0007967349268160912,0.0017891840526864787,0.0014785634563906109,0.010561516802745655,0.0013163149582539812,0.0008678021837862465,0.0070424107592206185,0.07284171363330745,0.004255658271535387,0.8694857652809205,0.006901929190528858,0.0007602290949115372,0.003959217692377088,0.003406803318485682,0.0005613134567003011,0.0027105967776813763,0.0014170335255283535,0.005514413742159922,0.002707280086211222,0.0016255187897529055
59,0.0007451768448081473,0.936266687290329,0.008365203984239906,0.001298922994660831,0.013731204437920577,0.005225679755668016,0.0012569596708803482,0.00042869983441812064,0.0007869676255282118,0.001790053577168647,0.006024779542299384,0.001514731475804781,0.0010400558778181838,0.0016509767830434547,0.0025277111287437355,0.0023171208477667077,0.00044913103254440773,0.0010411146273563807,0.00460989836960557,0.008928924299395522
60,0.0367850213935226,0.0009361045265799716,0.004423630274744135,0.0020307469442632665,0.11239100852246613,0.0003110739927657614,0.01684498772316979,0.0002876181319307983,0.15977806555777552,0.03540956660527282,0.017984125527720662,0.07207859921506393,0.00016347340149917435,0.023905251341967537,0.1287040470237259,0.06110437536556709,0.06253272323779356,3.170192535379524e-05,0.010919776595401625,0.253378102693416
61,0.00014283874131649577,0.00033544847319323293,0.0010465844931927548,0.001310564965942379,0.006401742323715682,0.001474440638034547,0.0005641524088105715,0.17014350689532654,0.0003470868319529717,0.6512813395837841,0.019208544330477174,0.000652529025468742,0.000788979304331361,0.0005133920591198995,0.00013563822040719826,0.0032252236551103615,0.004021088011636386,0.12608235779430796,0.0019126465992504891,0.01041189564462113
62,0.035652791655245146,0.0019542211403988357,0.15924821793504867,0.0300885806899569,0.0669753726582011,0.008014132481460165,0.11239407659160461,0.00023666415573712178,0.09026689002164436,0.003690529553941131,0.016850805391732976,0.13200446428570964,0.00014942281312729338,0.06183603716644031,0.01298554374394687,0.012925424796162531,0.0024753660054903383,0.00040337072102058147,0.10164715963148134,0.15020092856165
63,0.0011975842354084302,0.0026069468485706063,0.005828914391035959,0.012682205304439857,0.018063183642226702,0.8049856189414525,0.007764130655234485,0.002361094204653936,0.0033811879283653598,0.0005738069577727565,0.006749149744642799,0.03862350218273911,0.001353305610271894,0.008268490925286554,0.006740869480434862,0.05658775543015431,0.0030024797910824653,0.010906450702633415,0.00595909125665321,0.0023642317669408147
64,0.015382587400142604,0.0005911779335476786,0.005069625709018236,0.04597433291147723,0.003907828228161212,0.009783190197254344,0.23358291715587856,0.16289889202126429,0.1342797173362805,0.0013249213109526225,0.02516006121060572,0.026740087567323666,0.0003291998747672318,0.010516230779218821,0.16086410780091903,0.007777612247763295,0.010072565914664338,0.13669035909468488,0.005883688270976693,0.0031708970350990628
65,0.058899472155448634,0.0008484126186278311,0.027584469064734902,0.38254711818287385,0.0005157396405920186,0.013892846110109025,0.01102447244057883,0.000606311675223101,0.08206218001346076,0.1165484708954564,0.021106563299225722,0.03171807686058554,0.058259925850065175,0.041920097071852895,0.016014034179622053,0.019327313730322506,0.030485750469980127,0.004272474074706046,0.006184014856461713,0.0761822568100728
66,0.024941013878386393,0.0016128956073220887,0.002413290749178567,0.0030213347359969354,0.0032057500204619588,0.0009581800112585677,0.0035389485201457517,0.0014477740087056165,0.0025830332217909586,0.0028491293619063505,0.005757339926999315,0.0011890147214542568,0.9302199147345459,0.0017702237702063655,0.0005899045191772237,0.003029587131929898,0.0025314831371788995,0.0008688972612474052,0.00545446035304211,0.002017824329065321
67,0.0010564385524759587,0.002540568999197477,0.001597949350313285,0.0018383728769298553,0.025432688628148212,0.0007291595334923146,0.0009697577302318522,0.064108181214983,0.004651822337714333,0.8115537128459868,0.012162605347994291,0.0032610726132124546,0.005296154183419464,0.0037691337520664955,0.00950358728637546,0.0007618916920411441,0.001409865034627621,0.04081927427334628,0.007005713261721179,0.0015320504857225922
68,0.04212189768188499,0.0032873515082201435,0.2947657139371767,0.2138845728399784,0.011582255800875393,0.008560467961392208,0.02272562863814021,0.07278136351577379,0.0038939889103377155,0.07374801090095011,0.029884939475452843,0.004465420931033748,0.006144856326513347,0.04256792774566046,0.0241076748572694,0.010803333600142928,0.025108571762714225,0.061576466789445505,0.004401312041095858,0.043588244775941976
69,0.00044758718439821756,0.001803732516713426,0.0010290796025762335,0.027281085405594072,0.024215054615977765,0.0005959850857491199,0.0006824276090220408,0.0011666517706798963,0.0007523625430485688,0.9048545548992663,0.004336143247527979,0.005170831025676466,0.0004960521496707296,0.0008029116168799181,0.0003503430162414876,0.016195864617724185,0.003846011544338874,0.0025251166063355395,0.0023589506441064247,0.0010892542984728916
70,0.0276541913103145,0.0019629745673221655,0.11153523236599948,0.13305357339725746,0.00862581186437433,0.24062762718388941,0.08546900749739889,0.0019488405334265888,0.15893363512983988,0.030076413398703195,0.03664061366491175,0.05528180062196506,2.6998306140667068e-05,0.06856342208710246,0.004788920003931858,0.014501325342307969,0.004845947293436056,0.0013538180973933465,0.0024867484783108094,0.011623098855974005
71,0.2144214278542446,0.001008536656480962,0.014555196429263116,0.08077329263768565,0.04748851243019636,0.04416672601373282,0.009757913495954012,0.00374786638760455,0.015874377291897775,0.007958914766465012,0.0504074658966297,0.00992429035124553,0.21062089236542816,0.0053513279177956055,0.029934036743236747,0.011156016980745443,0.09888726524994272,0.014518697491472781,0.03630220937128575,0.0931450336686927
72,0.0003561631236622016,0.9714005292077115,0.0010261480442721389,0.00117873317651372,0.005489648700954863,0.00047404892236699276,0.0008312012170960791,0.00048446369605675675,0.0008998614976768737,0.0015300725902901771,0.0017525341572803962,0.0015440845320812146,0.00015716338658111842,0.0006786057642597941,0.005060888735396321,0.0008764127290256776,0.00016939499567469898,0.00039238859019278155,0.0019049102502663388,0.00379274668264029
73,0.04726717676130535,0.0030328401065011722,0.03531370652825893,0.015922844597231544,0.0012028195696310207,0.11446506429353266,0.001879272162021624,0.0003956072029557784,0.01120846904965688,0.0006774419575729468,0.0039360801155393105,0.26454400437392783,0.00027551125121652185,0.09114104799349994,0.01249745318707308,0.15565062424150886,0.2366189924502069,0.00011379853975271085,0.0023103918195952703,0.0015468537990117176
74,0.00013734220991714187,0.011659612326991748,0.00039426012055204,0.0007213661982597339,0.056045913774963936,0.000119698803983921,0.0002447165372124163,0.36366124233737446,0.0006927340904098094,0.35489314261127475,0.047466583945316214,0.0009967459981868193,0.0008990428687541367,0.001040614670913105,0.0005688424138529786,0.00017197821061660848,0.003077999936090718,0.15535625801021466,0.001676204389918217,0.0001757005451964807
75,0.077985664000351,0.005607344206272527,0.00028318297100443353,0.006955215097046892,0.004997220570316136,0.015556098393238543,0.021784807912052877,0.10248443648929341,0.0037368458378639834,0.174092847221979,0.0611965805229634,0.01185386079153522,0.0857716316432008,0.013452663137039097,0.002165860983338158,0.01687203303512058,0.256422424421296,0.1211180882167135,0.005522743516661466,0.01214045103271294
76,0.044779939737184166,0.001385691388745134,0.0012445476831884654,0.00876186361900047,0.0016786702356308026,0.9091598318738453,0.0013460422207515529,0.0006073947108483985,0.002282269624208992,0.0002662480525279743,0.0026572494566050185,0.0011077063728967675,0.0002793966296646502,0.002317542080492527,0.008013346372182257,0.0005225075995291923,0.0007119587401646282,0.009560125360960276,0.0022492520358974046,0.0010684162056760033
77,0.0007890528651672985,0.010712647215751702,0.0020886758392395684,0.004382381864851577,0.002515375527676685,0.018405668932656754,0.0012177356512789205,0.001130522110956984,0.015675233305599112,0.016284236692539766,0.002871494854781552,0.008373045669774455,0.00048081200068783684,0.007772812971928378,0.002197397366493704,0.0002870696207221577,0.0007325380799358644,0.014612168237109794,0.8874166611702239,0.0020544700226240525
78,0.00044160967558725707,0.0019045879747224947,0.016430791218563837,0.0012807923767924896,0.010657268485434817,0.00404951721572877,0.006260029351786273,0.013123174359624507,0.0014638524226672728,0.7921007836139174,0.009321835066092925,0.0029818006629825835,0.03893266463224137,0.0013997586307631094,0.005369470615435847,0.0004374763325045658,0.0007054362304840814,0.08751107095688748,0.0037521988675873175,0.00187588131019551
79,0.002258406360017507,0.0010987187740283562,0.0003418366728491365,0.001025782934267011,0.005065119792772491,0.00016049259083099828,0.0004670605664238179,0.10646235083987045,0.00105301901308603,0.809533381961896,0.021903253510067236,0.0010401019751841536,0.0007816851418942081,0.001860321899884435,0.010762436443729607,0.0015721047375769764,0.004533910140636434,0.0023691360558860423,0.012003454003653788,0.015707426585445366
80,0.029382723894401695,0.0009942264475624896,0.0008065399317118152,0.004695402691126396,0.00032567907449582704,0.9128509196916883,0.0010743346867716698,0.00035840633855199435,0.004514288405234632,0.00010422729791980882,0.0029172135155202832,0.0006674381435038892,0.0004120746705090536,0.0010259405867888386,0.008184724829576042,0.00012940677702733875,0.00032413912888553303,0.02894275238449871,0.0017352439823367794,0.0005543175218889832
81,0.02075294682396507,0.0015208504919367873,0.03062659993500709,0.0025065367248798946,0.0009278548815524953,0.0005915484543677254,0.1504249221046208,0.009292928947718972,0.0028745567308018833,0.00011808051787266139,0.0017477305683869923,0.704664817595078,0.00010055265085060298,0.0014683815046843331,0.003382847185989829,0.06202344911014657,0.003609858261628783,0.0009226185508764353,0.0010171823943953089,0.0014257365652396165
82,0.0010492137087052174,0.0065212453792757264,0.0017739343981148222,0.0013056529305938422,0.0005325461113441428,0.0004080766670939977,0.052327883522622354,0.0005794416951321972,0.0006076111557945662,0.00582728694361128,0.0009630198878520169,0.0002774097017477571,0.9143676738752924,0.0012508936637105525,0.00011633712538840298,0.005452344592461165,0.0021281865415038975,0.002233404641076698,0.0016001966978355798,0.0006776407608433243
83,0.02783699303199691,0.012406783912655333,0.10065670464794502,0.37582794988991713,0.008747591638112588,0.0046027578318034255,0.006687355331030553,0.006362625738350273,0.016024067102215888,0.011325723468768006,0.011684854819433309,0.07335105806431223,6.96114918427552e-05,0.029489820406365816,7.334483718550576e-05,0.009290258304736577,0.03221121457721324,0.00444238199014252,0.04881398708743784,0.22009491582853513
84,0.0012188570637558934,0.9189893943147845,0.002101210999245949,0.002415788434756941,0.00972134169284898,0.01627673856220478,0.0018364838309365007,0.0027850975800009455,0.0017433066794345017,0.00019628967089332558,0.00433774157734018,0.0026641189580779265,0.0004887827389561748,0.0014675157198889117,0.0014867487234121715,0.001412658518866625,0.0023093596916805258,0.00048561065981876894,0.019517795158028425,0.00854515942506801
85,0.0076483154168219825,0.007245510618149186,0.8128094892322767,0.11130693314654223,0.0008334828761972536,0.006587224670921276,0.0028698163566756134,0.0010107416200316576,0.0006634268435814428,0.002545985784724891,0.0041671502142913265,0.016606279321898464,0.0002012477360190458,0.0018131511626242323,0.00029494025191671795,0.00210010960590125,0.0030247829763153204,0.004152493529535837,0.002652975806072787,0.011465942829502794
86,0.026355422371775048,0.00022298917914447553,0.02539367860143132,0.032845795781152216,0.02309596647327125,0.015793350835285293,0.1680679477532381,0.03965276929235742,0.0011098633341349226,0.18493642045479566,0.06210227678346192,0.019099671063082215,0.025651168644990494,0.020628357167121608,0.0023945726170644375,0.03806938475175215,0.0247720464777695,0.032751406815755814,0.019126297457754557,0.23793061414466155
87,0.010193515457201647,0.0021640974754107167,0.0022649732536757683,0.002138458070343581,0.0033506791724003874,0.0008922891098169836,0.0007992584652712326,0.20883698267884854,0.0021807988676711566,0.7117680747240884,0.014816383450900548,0.0010860270306426308,0.004115275806861942,0.005489154532691728,0.013561579039625285,0.0004919422645945316,0.001796419416807047,0.004715276476923525,0.006254461260973982,0.003084353445250439
88,0.03371494200691096,0.0010562184842923903,0.008856463096445527,0.06794116827877753,0.027800947079555646,0.0063345423969056805,0.03807325325357638,0.30004708457128293,0.008660931762743606,0.24514225587108163,0.009246899911248786,0.007440580277196656,0.0022105748264966063,0.12857432931624777,0.00024473168331954617,0.011248265181904055,0.008353202466245479,0.050088246539793164,0.02067895978545222,0.02428640321052342
89,0.028946605435975808,0.00017414948307673775,0.23601557150330352,0.13109000009965813,0.02844802245464051,0.13104285727060713,0.04041202113157203,0.029616182717972003,0.004560457184136164,0.0431832652363135,0.06188634298863135,0.03050605902724868,0.030667265296311908,0.008336157798072815,0.002550450715273251,0.02684821103186386,0.053953831913011285,0.05443463419229121,0.016775329597973825,0.04055258492206632
90,0.01867709715547696,0.0002574656192782715,0.018752482626718928,0.07720075958707551,0.2077362328674134,0.000663028555913452,0.03307753724178151,0.2163755525522768,0.009345453102485496,0.03621575231441299,0.08951236115393117,0.011839662457384636,0.006687418243970956,0.13617688783001244,0.009942399040401562,0.02544699144890397,0.02757426344225178,0.024934302991814056,0.0029833979626844535,0.0466009538058115
91,0.02129214365659134,0.002741832131947371,0.019583531391459144,0.16047696952946475,0.004495813980059199,0.0893601589010231,0.1050851071889432,0.017301155577969813,0.06724954473619112,0.03565549527966388,0.15357842316496476,0.09287696492251281,0.0014739074097390586,0.023194522045320565,0.039986011006867404,0.03584925556857944,0.05829891694718815,0.03520881948908575,0.024893074994990907,0.011398352077438376
92,0.022369230617504676,0.0006304886218643888,0.09884721516421735,0.055846022377747884,0.017924381423207823,0.022759609229767202,0.03610906610216729,0.04256366826442574,0.003401680109329224,0.004190358013173342,0.05227344089571812,0.10547907110165755,0.02802400944097212,0.26886691662520473,0.010354917618506508,0.05650135083557505,0.07529138359707577,0.04374093415992834,0.020343054282436056,0.03448320151952087
93,0.0018290638001903466,0.0010281897375631402,0.003065900182508841,0.007900011406204653,0.21154264994927352,0.00170225656941877,0.002055856741197442,0.014904081960587642,0.023918841079744433,0.016485047816832948,0.00411465873995563,0.0024753880409619402,0.0007123089408522617,0.009606696987301683,0.007807905184243335,0.0010082028854219074,0.0010778120842033457,0.0019476198489661945,0.6792333469907409,0.0075841610538311885
94,0.17703780092904445,0.001546799827461194,0.000862543572577997,0.0018531160138892152,0.008210545776898552,0.30063630399824604,0.0022620377739585693,0.0002530213197291564,0.0009774170838738093,0.0006480829684722516,0.0042187998151081854,0.000991627088320413,0.012508518693556977,0.0014694648488796649,0.00044481844135168527,0.46901302819419427,0.0025017168287519605,0.00035689012501058143,0.00750366354569157,0.006703803154983445
95,0.0004243076519841742,0.015598772190914484,0.0036829810556223003,0.0005552079134680557,0.02707235612736245,0.00046450360992712227,0.005701928929933893,0.00034832938082577557,0.0005208343197780608,0.00012327641596105197,0.002223787672006549,0.005697322377917449,0.0003726877143946928,0.0007282241624097107,0.00016137465094824828,0.00425638766423121,0.0005330114045076069,0.0011200723281844026,0.001812649747709941,0.9286019846819128
